0 0.065500 0.702128 0.121000 0.303742
1 0.422500 0.064563 0.041000 0.066031
0 0.321000 0.059795 0.058000 0.069699
0 0.053000 0.020543 0.054000 0.039618
0 0.257500 0.172781 0.054000 0.081438
0 0.346000 0.184519 0.068000 0.100514
1 0.587500 0.207630 0.041000 0.070433
1 0.550000 0.263756 0.060000 0.084373
0 0.687000 0.143434 0.056000 0.094644
0 0.825000 0.196625 0.047000 0.080704
0 0.775500 0.478723 0.083000 0.104916
0 0.931500 0.353999 0.061000 0.082905
0 0.495000 0.417095 0.068000 0.112252
2 0.324000 0.344828 0.204000 0.581071
2 0.490250 0.568599 0.213500 0.551724
2 0.582500 0.462583 0.171000 0.611152
2 0.669000 0.339692 0.156000 0.585473
2 0.801250 0.677183 0.239500 0.645635
2 0.818750 0.241746 0.137500 0.301541
