0 0.056641 0.223607 0.070312 0.086510
0 0.189453 0.208211 0.066406 0.099707
0 0.314453 0.203812 0.068359 0.099707
0 0.404785 0.239736 0.061523 0.068915
0 0.457031 0.244135 0.062500 0.098240
0 0.706055 0.219941 0.060547 0.140762
0 0.845215 0.285924 0.071289 0.134897
0 0.896484 0.552053 0.078125 0.145161
0 0.808594 0.634164 0.083984 0.112903
0 0.610840 0.612170 0.071289 0.118768
0 0.523438 0.505132 0.068359 0.145161
0 0.139160 0.505132 0.073242 0.127566
0 0.355469 0.572581 0.140625 0.183284
2 0.140625 0.582845 0.226562 0.458944
2 0.383301 0.709677 0.291992 0.580645
2 0.735840 0.295455 0.186523 0.432551
2 0.216797 0.263930 0.191406 0.378299
