0 0.032813 0.353333 0.064375 0.122222
0 0.078125 0.263333 0.063750 0.120000
1 0.223750 0.218889 0.072500 0.102222
0 0.345000 0.202222 0.047500 0.080000
0 0.418750 0.188889 0.070000 0.082222
0 0.412500 0.340000 0.073750 0.111111
0 0.180000 0.377222 0.110000 0.185556
0 0.527500 0.343889 0.081250 0.127778
0 0.815625 0.418889 0.086250 0.157778
1 0.673125 0.252222 0.066250 0.108889
2 0.199375 0.600556 0.316250 0.798889
2 0.389375 0.497778 0.156250 0.597778
2 0.523125 0.591667 0.216250 0.807778
2 0.673750 0.445000 0.183750 0.605556
2 0.818125 0.628889 0.273750 0.742222
