0 0.128500 0.048271 0.016000 0.023055
0 0.088000 0.199568 0.019000 0.030259
1 0.139500 0.289625 0.024000 0.033141
0 0.129000 0.372118 0.028000 0.039625
0 0.176500 0.378242 0.017000 0.037464
0 0.016500 0.481988 0.025000 0.040346
0 0.070250 0.463617 0.025500 0.030980
0 0.131000 0.475504 0.028000 0.037464
1 0.112500 0.570605 0.027000 0.040346
0 0.074000 0.706052 0.026000 0.031700
1 0.160000 0.632565 0.023000 0.040346
0 0.361500 0.018732 0.018000 0.025937
0 0.351750 0.057277 0.021500 0.030980
0 0.316500 0.093300 0.015000 0.026657
0 0.300000 0.121037 0.015000 0.027378
0 0.265000 0.149135 0.020000 0.027378
0 0.244000 0.239193 0.017000 0.023055
1 0.212500 0.250000 0.017000 0.024496
0 0.222000 0.283862 0.020000 0.028818
1 0.266000 0.291066 0.021000 0.028818
0 0.263750 0.402738 0.020500 0.034582
1 0.283750 0.451729 0.017500 0.030259
0 0.289000 0.562680 0.028000 0.041787
0 0.261250 0.612392 0.029500 0.043228
0 0.324500 0.778098 0.033000 0.048991
0 0.245500 0.949568 0.038000 0.056196
0 0.453500 0.018012 0.011000 0.020173
0 0.417500 0.057637 0.015000 0.025937
0 0.392500 0.069524 0.017000 0.023775
1 0.401250 0.117435 0.013500 0.024496
0 0.430500 0.105908 0.019000 0.033141
0 0.325000 0.208934 0.019000 0.027378
0 0.397500 0.205331 0.017000 0.028818
1 0.345500 0.241354 0.020000 0.030259
1 0.300500 0.270533 0.017000 0.028098
0 0.367500 0.293948 0.022000 0.031700
0 0.342000 0.370317 0.023000 0.028818
0 0.453000 0.327810 0.022000 0.034582
0 0.420000 0.371758 0.024000 0.028818
0 0.355500 0.461095 0.019000 0.037464
0 0.431000 0.433718 0.024000 0.038905
0 0.375500 0.624640 0.025000 0.041787
0 0.379500 0.699928 0.025000 0.042507
0 0.409500 0.712176 0.029000 0.043948
0 0.412000 0.937320 0.036000 0.053314
0 0.461000 0.792507 0.017000 0.036023
0 0.469250 0.589337 0.026500 0.040346
0 0.454250 0.548991 0.025500 0.028818
0 0.476000 0.068444 0.013000 0.021614
0 0.544500 0.033862 0.013000 0.021614
0 0.539000 0.106628 0.016000 0.025937
0 0.573000 0.063401 0.016000 0.025937
0 0.496000 0.140490 0.016000 0.027378
0 0.506250 0.240634 0.020500 0.024496
0 0.561000 0.300072 0.019000 0.030980
0 0.484500 0.365634 0.020000 0.035303
0 0.556000 0.349424 0.020000 0.028818
0 0.537500 0.378242 0.023000 0.038905
0 0.495500 0.456772 0.019000 0.034582
0 0.629000 0.010807 0.015000 0.020173
0 0.640000 0.088617 0.016000 0.025937
0 0.667000 0.070605 0.014000 0.023055
0 0.693000 0.087896 0.011000 0.021614
0 0.702000 0.094020 0.014000 0.025216
1 0.676500 0.139049 0.013000 0.023055
0 0.734000 0.109510 0.016000 0.025937
1 0.737000 0.142651 0.015000 0.025937
0 0.709500 0.203890 0.017000 0.027378
1 0.645000 0.169308 0.017000 0.021614
0 0.623500 0.189121 0.019000 0.030980
0 0.635000 0.299712 0.018000 0.025937
0 0.604000 0.394813 0.024000 0.031700
0 0.669500 0.386888 0.020000 0.027378
0 0.596000 0.525216 0.028000 0.030259
0 0.603500 0.762248 0.033000 0.044669
0 0.547500 0.871037 0.035000 0.050432
0 0.647000 0.829971 0.033000 0.046110
0 0.766000 0.010807 0.016000 0.020173
0 0.820000 0.076369 0.015000 0.025937
1 0.838500 0.092939 0.014000 0.021614
0 0.820500 0.144092 0.013000 0.023055
0 0.826500 0.171830 0.017000 0.025216
0 0.774000 0.242075 0.020000 0.031700
0 0.819000 0.306916 0.018000 0.031700
0 0.696000 0.427233 0.022000 0.036023
0 0.731000 0.404179 0.022000 0.033141
0 0.718000 0.463977 0.025000 0.034582
0 0.726750 0.538905 0.021500 0.040346
0 0.698500 0.556196 0.027000 0.043228
0 0.756250 0.918588 0.034500 0.053314
0 0.902500 0.978026 0.039000 0.042507
0 0.965000 0.984510 0.038000 0.030980
0 0.907500 0.808357 0.033000 0.043228
0 0.941500 0.786744 0.029000 0.051873
0 0.943500 0.605908 0.029000 0.044669
0 0.944500 0.535303 0.027000 0.037464
0 0.994750 0.490634 0.010500 0.036023
0 0.897500 0.479107 0.020000 0.018732
0 0.914500 0.437320 0.023000 0.033141
0 0.882000 0.376081 0.022000 0.034582
0 0.924500 0.322046 0.019000 0.034582
0 0.871500 0.321686 0.021000 0.032421
0 0.850500 0.282421 0.019000 0.031700
0 0.908000 0.275937 0.014000 0.023055
0 0.855000 0.223343 0.019000 0.028818
0 0.870000 0.167867 0.016000 0.027378
0 0.961000 0.183718 0.011000 0.025937
0 0.982000 0.106628 0.016000 0.024496
0 0.895500 0.073487 0.016000 0.024496
0 0.869000 0.043228 0.014000 0.024496
1 0.957500 0.030980 0.012000 0.020173
1 0.993750 0.072046 0.012500 0.020173
2 0.078500 0.820965 0.131000 0.358069
2 0.265750 0.748559 0.122500 0.376081
2 0.327250 0.857709 0.147500 0.284582
2 0.700250 0.708934 0.110500 0.412104
2 0.591250 0.583573 0.109500 0.236311
2 0.481000 0.677233 0.123000 0.272334
2 0.900750 0.842579 0.143500 0.202450
2 0.939500 0.679395 0.121000 0.234870
2 0.263750 0.342939 0.085500 0.164265
2 0.402250 0.237032 0.069500 0.121037
2 0.502250 0.270533 0.073500 0.134726
2 0.341750 0.382925 0.078500 0.097262
2 0.272250 0.174352 0.060500 0.106628
2 0.359500 0.508285 0.110000 0.185159
2 0.067750 0.497118 0.070500 0.148415
2 0.503000 0.481268 0.090000 0.142651
2 0.296250 0.473703 0.084500 0.127522
2 0.060750 0.297190 0.059500 0.257205
