1 0.102539 0.076135 0.031250 0.052709
1 0.273926 0.245974 0.028320 0.052709
1 0.305664 0.325037 0.033203 0.061493
1 0.189453 0.396779 0.033203 0.064422
1 0.062500 0.456808 0.044922 0.087848
1 0.372070 0.498536 0.035156 0.054173
1 0.477051 0.241581 0.022461 0.038067
1 0.479004 0.393851 0.028320 0.058565
1 0.380371 0.215227 0.024414 0.043924
1 0.590332 0.171303 0.024414 0.043924
1 0.669922 0.383602 0.033203 0.073206
1 0.538086 0.393851 0.027344 0.052709
1 0.535156 0.677892 0.041016 0.079063
1 0.701660 0.770132 0.043945 0.099561
1 0.300293 0.680820 0.041992 0.087848
1 0.387207 0.349927 0.034180 0.061493
1 0.891602 0.481698 0.042969 0.073206
1 0.738281 0.396047 0.037109 0.065886
1 0.246582 0.890190 0.045898 0.096633
2 0.124023 0.611274 0.220703 0.464129
2 0.553711 0.791362 0.189453 0.379209
2 0.366699 0.580527 0.170898 0.306003
2 0.119141 0.211567 0.203125 0.379209
2 0.634277 0.513177 0.157227 0.423133
2 0.779297 0.518302 0.175781 0.392387
2 0.903809 0.692533 0.192383 0.614934
2 0.591309 0.232796 0.161133 0.243045
2 0.554199 0.462665 0.110352 0.336750
2 0.707520 0.842606 0.206055 0.314788
