1 0.517578 0.419971 0.017578 0.029369
1 0.464844 0.404552 0.013672 0.027900
1 0.024414 0.403818 0.011719 0.029369
1 0.057129 0.483113 0.012695 0.023495
1 0.253906 0.383260 0.009766 0.020558
1 0.267578 0.422907 0.017578 0.029369
1 0.295898 0.418502 0.011719 0.023495
1 0.330078 0.421439 0.009766 0.020558
1 0.356445 0.417034 0.017578 0.035242
1 0.621094 0.395007 0.021484 0.038179
1 0.659668 0.410426 0.016602 0.030837
1 0.708984 0.419971 0.011719 0.023495
1 0.782227 0.405286 0.017578 0.038179
1 0.883301 0.408223 0.016602 0.035242
1 0.902832 0.386197 0.010742 0.020558
1 0.842773 0.389134 0.011719 0.023495
1 0.992676 0.412628 0.014648 0.029369
2 0.180176 0.476505 0.040039 0.183554
2 0.267090 0.541850 0.069336 0.290749
2 0.358398 0.563142 0.082031 0.353891
2 0.466797 0.515419 0.058594 0.273128
2 0.519043 0.539648 0.063477 0.312775
2 0.614746 0.563877 0.086914 0.393539
2 0.704590 0.502203 0.051758 0.211454
2 0.031250 0.501468 0.052734 0.245228
