1 0.101074 0.592955 0.022461 0.054795
1 0.204102 0.634051 0.023438 0.050881
1 0.255371 0.605675 0.018555 0.045010
1 0.192383 0.241683 0.013672 0.052838
1 0.355957 0.650685 0.020508 0.045010
1 0.370117 0.634051 0.017578 0.054795
1 0.362793 0.549902 0.018555 0.054795
1 0.349121 0.505871 0.016602 0.045010
1 0.390625 0.500978 0.019531 0.046967
1 0.404297 0.559687 0.019531 0.050881
1 0.435547 0.571429 0.021484 0.046967
1 0.473633 0.500978 0.017578 0.046967
1 0.482422 0.562622 0.019531 0.045010
1 0.501465 0.560665 0.020508 0.041096
1 0.475586 0.642857 0.017578 0.048924
1 0.559570 0.581213 0.017578 0.050881
1 0.609375 0.426614 0.019531 0.046967
1 0.586914 0.556751 0.015625 0.037182
1 0.603516 0.580235 0.017578 0.041096
1 0.658203 0.527397 0.019531 0.045010
1 0.586426 0.677104 0.016602 0.058708
1 0.724121 0.540117 0.016602 0.035225
1 0.753906 0.564579 0.019531 0.045010
1 0.767578 0.493151 0.017578 0.050881
1 0.840332 0.553816 0.020508 0.039139
1 0.871094 0.590998 0.017578 0.050881
1 0.909668 0.504892 0.016602 0.046967
2 0.176758 0.454990 0.097656 0.534247
2 0.089844 0.684932 0.099609 0.297456
2 0.269531 0.772994 0.101562 0.454012
2 0.606445 0.811155 0.082031 0.377691
2 0.491699 0.769080 0.079102 0.336595
2 0.669922 0.680039 0.080078 0.420744
2 0.879883 0.678082 0.068359 0.272016
2 0.929199 0.582192 0.077148 0.272016
