1 0.904297 0.377061 0.033203 0.058471
1 0.873535 0.574963 0.034180 0.061469
1 0.784180 0.512744 0.031250 0.059970
1 0.812500 0.371814 0.025391 0.044978
1 0.732422 0.317841 0.027344 0.047976
1 0.682129 0.604948 0.028320 0.055472
1 0.584961 0.627436 0.029297 0.049475
1 0.586426 0.355322 0.026367 0.047976
1 0.653320 0.344828 0.031250 0.059970
1 0.673828 0.281859 0.025391 0.044978
1 0.605957 0.299850 0.026367 0.047976
1 0.534668 0.338831 0.026367 0.044978
1 0.444336 0.359820 0.029297 0.053973
1 0.504883 0.565217 0.037109 0.071964
1 0.387695 0.568216 0.029297 0.056972
1 0.359375 0.360570 0.029297 0.049475
1 0.363281 0.296852 0.023438 0.038981
1 0.465332 0.324588 0.024414 0.046477
1 0.526367 0.286357 0.027344 0.044978
1 0.200195 0.300600 0.039062 0.073463
1 0.245117 0.219640 0.029297 0.064468
1 0.164062 0.239880 0.031250 0.053973
1 0.096680 0.299850 0.041016 0.080960
1 0.264160 0.517241 0.041992 0.080960
1 0.290039 0.336582 0.029297 0.064468
1 0.128906 0.322339 0.029297 0.065967
1 0.517090 0.385307 0.026367 0.050975
2 0.080078 0.613193 0.111328 0.767616
2 0.195801 0.568966 0.098633 0.634183
2 0.291504 0.391304 0.092773 0.203898
2 0.443359 0.427286 0.101562 0.227886
2 0.518066 0.428786 0.090820 0.188906
2 0.583496 0.440030 0.083008 0.253373
2 0.662598 0.429535 0.106445 0.277361
2 0.907715 0.453523 0.124023 0.238381
2 0.273926 0.726387 0.145508 0.547226
2 0.368652 0.742879 0.112305 0.478261
2 0.480957 0.715142 0.139648 0.428786
2 0.592285 0.736132 0.120117 0.329835
2 0.687012 0.724888 0.124023 0.352324
2 0.775879 0.666417 0.096680 0.415292
2 0.880371 0.710645 0.133789 0.383808
