1 0.746582 0.453125 0.024414 0.041667
1 0.859375 0.501302 0.021484 0.031250
1 0.953125 0.451172 0.019531 0.029948
1 0.976562 0.445964 0.013672 0.022135
1 0.520996 0.456380 0.030273 0.045573
1 0.630859 0.496094 0.015625 0.023438
1 0.316406 0.453776 0.025391 0.029948
1 0.025879 0.479818 0.040039 0.055990
2 0.067871 0.683594 0.133789 0.510417
2 0.190918 0.585938 0.073242 0.299479
2 0.308594 0.621745 0.103516 0.433594
2 0.512695 0.679036 0.132812 0.579427
2 0.640625 0.604167 0.093750 0.276042
2 0.733887 0.638021 0.112305 0.476562
2 0.872070 0.636719 0.152344 0.372396
2 0.955566 0.597005 0.088867 0.347656
