1 0.041992 0.427734 0.044922 0.079427
1 0.213379 0.520833 0.041992 0.062500
1 0.372070 0.540365 0.044922 0.070312
1 0.421875 0.529948 0.044922 0.075521
1 0.485840 0.505208 0.041992 0.065104
1 0.525391 0.542969 0.042969 0.078125
1 0.704590 0.429688 0.043945 0.070312
1 0.817871 0.407552 0.040039 0.075521
1 0.922852 0.392578 0.033203 0.066406
2 0.058594 0.573568 0.115234 0.412760
2 0.209473 0.639974 0.178711 0.368490
2 0.404785 0.699219 0.161133 0.427083
2 0.545898 0.733724 0.164062 0.532552
2 0.693359 0.616536 0.156250 0.516927
2 0.817871 0.637370 0.166992 0.608073
2 0.935547 0.570964 0.128906 0.506510
