1 0.144043 0.327957 0.020508 0.062366
1 0.168457 0.329032 0.018555 0.060215
1 0.201172 0.336559 0.015625 0.045161
1 0.270996 0.340860 0.018555 0.058065
1 0.291504 0.355914 0.016602 0.049462
1 0.349121 0.336559 0.018555 0.049462
1 0.400879 0.363441 0.016602 0.051613
1 0.418457 0.344086 0.012695 0.043011
1 0.436035 0.327957 0.014648 0.045161
1 0.487793 0.388172 0.016602 0.040860
1 0.516602 0.356989 0.013672 0.038710
1 0.547852 0.375269 0.011719 0.036559
1 0.563477 0.364516 0.013672 0.040860
1 0.584961 0.355914 0.013672 0.032258
1 0.595215 0.368817 0.008789 0.027957
1 0.609375 0.360215 0.009766 0.036559
1 0.629883 0.351613 0.013672 0.032258
1 0.654297 0.350538 0.011719 0.030108
1 0.667969 0.323656 0.013672 0.040860
1 0.701172 0.329032 0.011719 0.034409
1 0.809082 0.415054 0.012695 0.034409
1 0.770508 0.341935 0.013672 0.038710
1 0.805664 0.351613 0.011719 0.027957
1 0.824219 0.360215 0.009766 0.023656
1 0.851562 0.375269 0.011719 0.027957
1 0.892578 0.388172 0.019531 0.053763
1 0.913086 0.346237 0.009766 0.021505
1 0.926758 0.388172 0.013672 0.040860
1 0.942871 0.355914 0.010742 0.027957
1 0.974609 0.352688 0.011719 0.030108
1 0.070801 0.319355 0.016602 0.040860
2 0.053223 0.603226 0.104492 0.793548
2 0.445312 0.546237 0.042969 0.541935
2 0.293457 0.575269 0.045898 0.544086
2 0.809570 0.564516 0.068359 0.389247
