1 0.866699 0.424479 0.024414 0.044271
1 0.771484 0.425130 0.021484 0.032552
1 0.655273 0.424479 0.017578 0.033854
1 0.562500 0.417318 0.019531 0.037760
1 0.436035 0.439453 0.022461 0.029948
1 0.333496 0.438151 0.024414 0.032552
1 0.277832 0.440104 0.022461 0.036458
1 0.178711 0.458984 0.027344 0.040365
1 0.056641 0.440104 0.029297 0.054688
2 0.117188 0.747396 0.212891 0.479167
2 0.068359 0.470052 0.107422 0.156250
2 0.281250 0.466146 0.080078 0.122396
2 0.444336 0.462240 0.083984 0.109375
2 0.561523 0.446615 0.091797 0.119792
2 0.656738 0.452474 0.071289 0.113281
2 0.751953 0.537109 0.132812 0.295573
