1 0.654785 0.320312 0.026367 0.046875
1 0.496094 0.335938 0.021484 0.052083
1 0.365234 0.402344 0.041016 0.067708
1 0.309082 0.493490 0.059570 0.091146
1 0.104492 0.533854 0.060547 0.111979
1 0.791016 0.318359 0.021484 0.050781
1 0.799805 0.331380 0.023438 0.053385
1 0.817383 0.418620 0.033203 0.045573
1 0.868164 0.630859 0.105469 0.154948
2 0.095215 0.655599 0.188477 0.493490
2 0.268555 0.549479 0.226562 0.333333
2 0.488281 0.377604 0.115234 0.184896
2 0.659668 0.350260 0.112305 0.145833
2 0.789062 0.708333 0.421875 0.583333
