1 0.744629 0.613281 0.034180 0.065104
1 0.698242 0.593750 0.021484 0.046875
1 0.776367 0.500000 0.017578 0.026042
1 0.708008 0.430990 0.017578 0.020833
1 0.652832 0.474609 0.014648 0.024740
1 0.965332 0.559245 0.020508 0.035156
1 0.395508 0.557943 0.017578 0.035156
1 0.341797 0.524740 0.017578 0.031250
1 0.209961 0.528646 0.015625 0.026042
1 0.164062 0.521484 0.017578 0.029948
1 0.114746 0.470052 0.034180 0.062500
1 0.100586 0.736979 0.033203 0.088542
1 0.519043 0.406250 0.014648 0.026042
2 0.083496 0.526042 0.153320 0.265625
2 0.102051 0.818359 0.190430 0.363281
2 0.317383 0.854167 0.234375 0.291667
2 0.496582 0.787109 0.241211 0.399740
2 0.527832 0.454427 0.071289 0.164062
