1 0.911621 0.269486 0.112305 0.323383
1 0.813477 0.319237 0.046875 0.091211
1 0.602051 0.243781 0.040039 0.096186
1 0.532715 0.490879 0.051758 0.102819
1 0.369141 0.441128 0.054688 0.135987
1 0.375977 0.344113 0.042969 0.084577
1 0.212891 0.170813 0.058594 0.135987
1 0.149414 0.367330 0.097656 0.227197
2 0.164062 0.512438 0.263672 0.600332
2 0.153320 0.247098 0.216797 0.388060
2 0.341309 0.524046 0.170898 0.361526
2 0.565918 0.546434 0.206055 0.280265
2 0.624023 0.331675 0.236328 0.338308
2 0.854492 0.436982 0.152344 0.426202
