1 0.855957 0.353226 0.024414 0.051613
1 0.795410 0.351613 0.020508 0.035484
1 0.697754 0.343548 0.022461 0.045161
1 0.650391 0.355645 0.021484 0.043548
1 0.588379 0.380645 0.018555 0.032258
1 0.535156 0.380645 0.013672 0.025806
1 0.508789 0.367742 0.021484 0.041935
1 0.435547 0.379032 0.013672 0.032258
1 0.467285 0.448387 0.014648 0.025806
1 0.401367 0.455645 0.017578 0.030645
1 0.378906 0.419355 0.015625 0.032258
1 0.371582 0.500000 0.014648 0.025806
1 0.343750 0.491129 0.013672 0.027419
1 0.357422 0.417742 0.011719 0.022581
1 0.326172 0.419355 0.013672 0.029032
1 0.293457 0.425000 0.014648 0.030645
1 0.293457 0.479839 0.014648 0.030645
1 0.251953 0.445968 0.017578 0.030645
1 0.219727 0.428226 0.013672 0.024194
1 0.196289 0.395968 0.015625 0.033871
1 0.197754 0.504839 0.012695 0.025806
1 0.127930 0.516129 0.013672 0.029032
1 0.143555 0.382258 0.013672 0.025806
1 0.081055 0.387097 0.017578 0.038710
1 0.255859 0.412903 0.015625 0.032258
2 0.791504 0.506452 0.075195 0.393548
2 0.860840 0.529839 0.079102 0.450000
2 0.702148 0.512903 0.083984 0.429032
2 0.589844 0.527419 0.074219 0.364516
2 0.469238 0.547581 0.057617 0.275806
