1 0.907715 0.326823 0.032227 0.052083
1 0.849121 0.329427 0.034180 0.057292
1 0.754883 0.342448 0.037109 0.062500
1 0.695312 0.303385 0.029297 0.049479
1 0.686035 0.356120 0.036133 0.058594
1 0.592773 0.316406 0.033203 0.054688
1 0.519043 0.316406 0.034180 0.057292
1 0.389160 0.293620 0.032227 0.053385
1 0.380859 0.253255 0.023438 0.035156
1 0.437500 0.389323 0.054688 0.088542
1 0.299805 0.369792 0.042969 0.070312
1 0.229492 0.286458 0.029297 0.041667
1 0.159668 0.276693 0.030273 0.055990
1 0.149414 0.330729 0.037109 0.057292
1 0.108398 0.365885 0.050781 0.083333
1 0.180176 0.489583 0.057617 0.085938
2 0.491211 0.647135 0.322266 0.705729
2 0.212891 0.690104 0.253906 0.619792
2 0.666016 0.465495 0.144531 0.352865
2 0.289062 0.452474 0.148438 0.308594
2 0.839355 0.403646 0.090820 0.255208
