1 0.150391 0.215959 0.042969 0.092240
1 0.258301 0.167643 0.040039 0.080527
1 0.378418 0.144217 0.036133 0.077599
1 0.272461 0.297218 0.035156 0.076135
1 0.389160 0.270864 0.043945 0.087848
1 0.496582 0.155930 0.041992 0.080527
1 0.503418 0.252562 0.040039 0.077599
1 0.610352 0.271596 0.037109 0.065886
1 0.656250 0.214495 0.039062 0.071742
1 0.729004 0.273792 0.041992 0.070278
1 0.780273 0.161786 0.035156 0.071742
1 0.864258 0.272328 0.041016 0.073206
2 0.140137 0.556369 0.182617 0.822840
2 0.277344 0.593704 0.119141 0.698389
2 0.381348 0.576867 0.137695 0.732064
2 0.252441 0.201318 0.127930 0.194729
2 0.501953 0.574671 0.134766 0.771596
2 0.613281 0.563690 0.125000 0.749634
2 0.712891 0.565154 0.130859 0.752562
2 0.861328 0.584187 0.179688 0.752562
2 0.795898 0.242313 0.099609 0.273792
