1 0.989746 0.558594 0.018555 0.057292
1 0.961426 0.473307 0.030273 0.045573
1 0.954102 0.605469 0.039062 0.059896
1 0.935547 0.550130 0.029297 0.050781
1 0.901367 0.520182 0.031250 0.045573
1 0.909668 0.481120 0.026367 0.040365
1 0.867676 0.488932 0.030273 0.040365
1 0.857422 0.602214 0.035156 0.055990
1 0.897461 0.574870 0.035156 0.058594
1 0.845215 0.546875 0.034180 0.054688
1 0.801758 0.549479 0.035156 0.057292
1 0.786133 0.509115 0.029297 0.046875
1 0.789062 0.462891 0.027344 0.040365
1 0.737305 0.479818 0.027344 0.045573
1 0.761719 0.548177 0.033203 0.052083
1 0.712891 0.598307 0.035156 0.053385
1 0.696289 0.545573 0.033203 0.049479
1 0.671875 0.593750 0.035156 0.062500
1 0.653320 0.529948 0.033203 0.057292
1 0.611328 0.479818 0.029297 0.050781
1 0.610840 0.536458 0.032227 0.054688
1 0.580078 0.568359 0.035156 0.061198
1 0.538086 0.609375 0.037109 0.054688
1 0.491211 0.561198 0.031250 0.049479
1 0.538086 0.514974 0.031250 0.048177
1 0.568359 0.516927 0.025391 0.044271
1 0.501953 0.521484 0.027344 0.048177
1 0.446289 0.579427 0.033203 0.057292
1 0.454102 0.524089 0.025391 0.045573
1 0.465820 0.490885 0.027344 0.049479
1 0.424805 0.497396 0.027344 0.049479
1 0.399414 0.563802 0.033203 0.052083
1 0.357910 0.582031 0.038086 0.054688
1 0.366211 0.528646 0.029297 0.052083
1 0.333008 0.496745 0.029297 0.042969
1 0.311035 0.559896 0.032227 0.054688
1 0.296875 0.508464 0.035156 0.050781
1 0.250977 0.470052 0.027344 0.039062
1 0.255859 0.515625 0.021484 0.046875
1 0.237305 0.524740 0.031250 0.041667
1 0.220703 0.573568 0.033203 0.053385
1 0.176758 0.589844 0.037109 0.057292
1 0.212891 0.473958 0.029297 0.039062
1 0.174805 0.517578 0.029297 0.048177
1 0.136719 0.555339 0.031250 0.053385
1 0.131836 0.478516 0.031250 0.042969
1 0.093750 0.556641 0.033203 0.048177
1 0.089844 0.629557 0.035156 0.048177
1 0.041016 0.540365 0.037109 0.054688
1 0.065430 0.481120 0.031250 0.050781
1 0.009766 0.601562 0.017578 0.062500
1 0.012695 0.526042 0.023438 0.041667
1 0.277344 0.593750 0.037109 0.052083
2 0.083008 0.792318 0.097656 0.415365
2 0.174805 0.770182 0.123047 0.459635
2 0.270508 0.768880 0.101562 0.462240
2 0.528320 0.776693 0.095703 0.438802
2 0.443359 0.764323 0.111328 0.471354
2 0.354980 0.765625 0.098633 0.468750
2 0.661133 0.772135 0.093750 0.455729
2 0.736816 0.770182 0.090820 0.459635
2 0.858398 0.777995 0.113281 0.444010
2 0.948242 0.774089 0.103516 0.451823
