1 0.074219 0.306641 0.013672 0.022135
1 0.114746 0.300781 0.010742 0.020833
1 0.172852 0.367188 0.011719 0.023438
1 0.253418 0.298177 0.028320 0.046875
1 0.307129 0.273438 0.022461 0.041667
1 0.378906 0.289714 0.023438 0.032552
1 0.447754 0.389974 0.024414 0.032552
1 0.515625 0.377604 0.027344 0.036458
1 0.552246 0.419271 0.018555 0.036458
1 0.583008 0.378906 0.023438 0.041667
1 0.663086 0.394531 0.021484 0.031250
1 0.813965 0.358724 0.016602 0.029948
1 0.849121 0.393229 0.020508 0.036458
1 0.895996 0.450521 0.030273 0.052083
1 0.889160 0.384766 0.014648 0.048177
2 0.081543 0.670573 0.159180 0.658854
2 0.240723 0.479818 0.104492 0.477865
2 0.833984 0.709635 0.195312 0.565104
