1 0.906250 0.340555 0.011719 0.032929
1 0.936035 0.320624 0.008789 0.024263
1 0.875977 0.321490 0.015625 0.032929
1 0.630371 0.532929 0.038086 0.077990
1 0.645508 0.318024 0.033203 0.077990
1 0.612793 0.298094 0.026367 0.058925
1 0.553711 0.305893 0.031250 0.067591
1 0.501465 0.339688 0.024414 0.055459
1 0.440918 0.322357 0.026367 0.051993
1 0.493164 0.522530 0.037109 0.077990
1 0.392090 0.311958 0.024414 0.058925
1 0.400879 0.513865 0.034180 0.071057
1 0.313965 0.595321 0.030273 0.071057
1 0.246582 0.562392 0.034180 0.074523
1 0.360352 0.392548 0.027344 0.067591
1 0.348633 0.322357 0.021484 0.051993
1 0.309082 0.357019 0.024414 0.051993
1 0.263672 0.341421 0.025391 0.048527
1 0.227539 0.378683 0.029297 0.071057
1 0.182129 0.346620 0.028320 0.055459
1 0.157227 0.377816 0.025391 0.065858
2 0.139160 0.626516 0.108398 0.601386
2 0.231934 0.742634 0.118164 0.487002
2 0.313965 0.764298 0.104492 0.433276
2 0.411621 0.722704 0.141602 0.554593
2 0.520508 0.727903 0.121094 0.544194
2 0.636719 0.731369 0.144531 0.537262
2 0.561523 0.442808 0.105469 0.386482
2 0.644531 0.377816 0.138672 0.253033
