1 0.024414 0.328788 0.011719 0.021212
1 0.041504 0.310606 0.012695 0.021212
1 0.023438 0.362121 0.013672 0.021212
1 0.043457 0.381818 0.010742 0.021212
1 0.055176 0.291667 0.010742 0.022727
1 0.087891 0.282576 0.009766 0.022727
1 0.137207 0.310606 0.010742 0.021212
1 0.108398 0.324242 0.007812 0.024242
1 0.174805 0.324242 0.013672 0.024242
1 0.125977 0.380303 0.011719 0.021212
1 0.107422 0.366667 0.011719 0.021212
1 0.121582 0.411364 0.010742 0.022727
1 0.142578 0.398485 0.013672 0.027273
1 0.161133 0.415152 0.013672 0.027273
1 0.137207 0.428788 0.012695 0.021212
1 0.116211 0.462879 0.011719 0.022727
1 0.111328 0.447727 0.013672 0.022727
1 0.074707 0.440909 0.012695 0.027273
1 0.091797 0.421212 0.013672 0.027273
1 0.052246 0.434848 0.014648 0.027273
1 0.061523 0.413636 0.011719 0.021212
1 0.035156 0.406061 0.011719 0.024242
1 0.019043 0.422727 0.014648 0.021212
1 0.008789 0.398485 0.003906 0.027273
1 0.012207 0.460606 0.010742 0.027273
1 0.136719 0.460606 0.011719 0.027273
1 0.152832 0.460606 0.014648 0.030303
1 0.104004 0.519697 0.014648 0.027273
1 0.111328 0.498485 0.011719 0.021212
1 0.107422 0.482576 0.009766 0.022727
1 0.163086 0.521212 0.009766 0.021212
1 0.189453 0.504545 0.013672 0.024242
1 0.208008 0.504545 0.011719 0.027273
1 0.192383 0.539394 0.011719 0.021212
1 0.168945 0.573485 0.011719 0.022727
1 0.145508 0.559091 0.011719 0.021212
1 0.130371 0.573485 0.012695 0.022727
1 0.126953 0.596970 0.011719 0.024242
1 0.077148 0.554545 0.015625 0.027273
1 0.040039 0.550000 0.015625 0.033333
1 0.020996 0.540909 0.014648 0.021212
1 0.048828 0.501515 0.013672 0.027273
1 0.012695 0.487879 0.011719 0.021212
1 0.203125 0.428788 0.011719 0.027273
1 0.188477 0.458333 0.011719 0.025758
1 0.162109 0.612121 0.015625 0.030303
1 0.007812 0.318939 0.005859 0.022727
1 0.009766 0.260606 0.009766 0.021212
1 0.020996 0.268939 0.008789 0.022727
1 0.031250 0.249242 0.009766 0.022727
1 0.057617 0.263636 0.011719 0.021212
1 0.045410 0.234091 0.010742 0.025758
1 0.015625 0.212121 0.011719 0.021212
1 0.043945 0.121212 0.009766 0.021212
1 0.125977 0.045455 0.009766 0.021212
1 0.116211 0.082576 0.009766 0.022727
1 0.114258 0.115152 0.009766 0.021212
1 0.128418 0.115909 0.010742 0.022727
1 0.096680 0.163636 0.009766 0.021212
1 0.101562 0.206061 0.007812 0.021212
1 0.110840 0.221970 0.008789 0.022727
1 0.161621 0.193939 0.008789 0.024242
1 0.166992 0.150000 0.009766 0.024242
1 0.184570 0.139394 0.009766 0.021212
1 0.204590 0.121212 0.010742 0.021212
1 0.206543 0.092424 0.010742 0.021212
1 0.178711 0.377273 0.011719 0.024242
1 0.157715 0.343939 0.008789 0.021212
1 0.229004 0.346212 0.012695 0.025758
1 0.250977 0.378788 0.011719 0.027273
1 0.235840 0.378788 0.010742 0.021212
1 0.211914 0.409091 0.009766 0.021212
1 0.301758 0.348485 0.013672 0.027273
1 0.284668 0.378788 0.012695 0.021212
1 0.305664 0.387121 0.011719 0.025758
1 0.272461 0.321212 0.007812 0.027273
1 0.255371 0.321212 0.010742 0.021212
1 0.227539 0.300000 0.011719 0.024242
1 0.251953 0.269697 0.011719 0.021212
1 0.286621 0.296970 0.010742 0.024242
1 0.293457 0.284091 0.010742 0.022727
1 0.282715 0.250000 0.012695 0.021212
1 0.274414 0.212879 0.013672 0.022727
1 0.261719 0.208333 0.011719 0.022727
1 0.225586 0.219697 0.013672 0.021212
1 0.216797 0.250758 0.011719 0.022727
1 0.232910 0.272727 0.012695 0.021212
1 0.215332 0.278788 0.008789 0.021212
1 0.188477 0.281818 0.013672 0.021212
1 0.202148 0.239394 0.013672 0.030303
1 0.175781 0.262121 0.011719 0.021212
1 0.170898 0.221212 0.011719 0.021212
1 0.182129 0.208333 0.016602 0.022727
1 0.211426 0.206061 0.010742 0.027273
1 0.237305 0.159091 0.011719 0.021212
1 0.244141 0.132576 0.011719 0.022727
1 0.230469 0.124242 0.009766 0.021212
1 0.229492 0.098485 0.009766 0.021212
1 0.307129 0.039394 0.010742 0.021212
1 0.294922 0.111364 0.011719 0.022727
1 0.272949 0.115152 0.008789 0.024242
1 0.284180 0.111364 0.009766 0.022727
1 0.285156 0.153788 0.009766 0.025758
1 0.301758 0.178030 0.011719 0.025758
1 0.349121 0.068182 0.006836 0.021212
1 0.369629 0.084091 0.008789 0.022727
1 0.427246 0.068182 0.010742 0.021212
1 0.404297 0.128788 0.011719 0.021212
1 0.390625 0.128030 0.009766 0.022727
1 0.350586 0.259091 0.009766 0.021212
1 0.406250 0.225758 0.013672 0.021212
1 0.427246 0.263636 0.008789 0.021212
1 0.416016 0.260606 0.011719 0.021212
1 0.394531 0.261364 0.011719 0.022727
1 0.390625 0.213636 0.007812 0.021212
1 0.340332 0.296212 0.010742 0.022727
1 0.312500 0.248485 0.011719 0.027273
1 0.317871 0.358333 0.010742 0.022727
1 0.333496 0.356061 0.012695 0.021212
1 0.375000 0.353030 0.013672 0.024242
1 0.364746 0.336364 0.012695 0.021212
1 0.380371 0.313636 0.012695 0.024242
1 0.411133 0.326515 0.011719 0.025758
1 0.440918 0.337879 0.008789 0.021212
1 0.427246 0.351515 0.008789 0.021212
1 0.437500 0.363636 0.011719 0.024242
1 0.457031 0.348485 0.013672 0.027273
1 0.472656 0.317424 0.011719 0.022727
1 0.461914 0.316667 0.011719 0.021212
1 0.435547 0.299242 0.011719 0.022727
1 0.394531 0.291667 0.009766 0.025758
1 0.472656 0.286364 0.011719 0.021212
1 0.484375 0.303030 0.011719 0.021212
1 0.495117 0.275758 0.011719 0.024242
1 0.502930 0.250000 0.013672 0.027273
1 0.489258 0.250000 0.013672 0.021212
1 0.438477 0.224242 0.009766 0.021212
1 0.449707 0.209091 0.012695 0.021212
1 0.471680 0.225758 0.011719 0.024242
1 0.439453 0.184848 0.009766 0.021212
1 0.436523 0.149242 0.011719 0.022727
1 0.467773 0.095455 0.011719 0.021212
1 0.446289 0.027273 0.007812 0.021212
1 0.516602 0.162879 0.011719 0.022727
1 0.565430 0.093182 0.007812 0.022727
1 0.587891 0.068182 0.009766 0.021212
1 0.623535 0.057576 0.010742 0.021212
1 0.657715 0.058333 0.010742 0.022727
1 0.688477 0.022727 0.011719 0.021212
1 0.651367 0.193939 0.009766 0.021212
1 0.573242 0.213636 0.007812 0.021212
1 0.588379 0.197727 0.008789 0.022727
1 0.595215 0.246212 0.010742 0.022727
1 0.590820 0.230303 0.011719 0.021212
1 0.581055 0.250758 0.009766 0.022727
1 0.582031 0.280303 0.011719 0.027273
1 0.598633 0.273485 0.007812 0.025758
1 0.631836 0.213636 0.009766 0.021212
1 0.670898 0.226515 0.011719 0.022727
1 0.661133 0.223485 0.011719 0.022727
1 0.523438 0.276515 0.009766 0.022727
1 0.561523 0.308333 0.011719 0.022727
1 0.597656 0.306818 0.011719 0.022727
1 0.665039 0.286364 0.009766 0.024242
1 0.643555 0.260606 0.011719 0.021212
1 0.682129 0.356818 0.012695 0.022727
1 0.610352 0.321970 0.009766 0.022727
1 0.586914 0.368182 0.009766 0.027273
1 0.550781 0.347727 0.011719 0.022727
1 0.522461 0.308333 0.011719 0.025758
1 0.501953 0.331061 0.007812 0.022727
1 0.531250 0.384848 0.009766 0.024242
1 0.514160 0.363636 0.010742 0.024242
1 0.500977 0.389394 0.009766 0.021212
1 0.486328 0.371212 0.011719 0.021212
1 0.458496 0.406061 0.010742 0.021212
1 0.470215 0.356818 0.008789 0.022727
1 0.503906 0.428030 0.013672 0.022727
1 0.202148 0.624242 0.013672 0.033333
1 0.242188 0.580303 0.011719 0.024242
1 0.170898 0.665152 0.011719 0.024242
1 0.145996 0.668182 0.014648 0.024242
1 0.121094 0.690909 0.013672 0.030303
1 0.147461 0.706818 0.013672 0.025758
1 0.115234 0.632576 0.017578 0.028788
1 0.136719 0.631818 0.015625 0.033333
1 0.104004 0.609091 0.012695 0.021212
1 0.088379 0.613636 0.012695 0.021212
1 0.034668 0.636364 0.014648 0.030303
1 0.023926 0.650000 0.008789 0.024242
1 0.044922 0.627273 0.011719 0.024242
1 0.012695 0.601515 0.013672 0.024242
1 0.048828 0.711364 0.015625 0.025758
1 0.041504 0.681818 0.012695 0.027273
1 0.081543 0.695455 0.012695 0.021212
1 0.080078 0.668182 0.015625 0.024242
1 0.103516 0.675758 0.013672 0.033333
1 0.129883 0.739394 0.015625 0.024242
1 0.101562 0.768182 0.017578 0.030303
1 0.097168 0.729545 0.014648 0.031818
1 0.062500 0.766667 0.015625 0.027273
1 0.029297 0.733333 0.011719 0.024242
1 0.055664 0.848485 0.017578 0.033333
1 0.055664 0.801515 0.015625 0.030303
1 0.086914 0.808333 0.011719 0.028788
1 0.104004 0.828788 0.016602 0.027273
1 0.139648 0.762121 0.017578 0.033333
1 0.164062 0.793939 0.011719 0.024242
1 0.161133 0.839394 0.017578 0.033333
1 0.190918 0.786364 0.010742 0.027273
1 0.195801 0.831061 0.014648 0.031818
1 0.178711 0.762879 0.009766 0.022727
1 0.190918 0.712879 0.010742 0.028788
1 0.008301 0.681818 0.006836 0.027273
1 0.310547 0.787121 0.017578 0.040909
1 0.283203 0.804545 0.019531 0.036364
1 0.286133 0.856061 0.017578 0.033333
1 0.338867 0.816667 0.015625 0.033333
1 0.363281 0.822727 0.017578 0.030303
1 0.385742 0.812121 0.013672 0.030303
1 0.335938 0.710606 0.015625 0.030303
1 0.309082 0.719697 0.014648 0.027273
1 0.296875 0.743182 0.017578 0.037879
1 0.288086 0.687121 0.019531 0.037879
1 0.345703 0.637879 0.011719 0.027273
1 0.355957 0.646970 0.010742 0.027273
1 0.364258 0.640909 0.011719 0.027273
1 0.375000 0.643939 0.009766 0.024242
1 0.338379 0.604545 0.012695 0.027273
1 0.326172 0.628030 0.011719 0.025758
1 0.317871 0.647727 0.012695 0.025758
1 0.345703 0.578788 0.011719 0.024242
1 0.290039 0.571970 0.009766 0.022727
1 0.291504 0.606818 0.010742 0.025758
1 0.299805 0.546970 0.013672 0.024242
1 0.355957 0.791667 0.010742 0.028788
1 0.346680 0.533333 0.015625 0.030303
1 0.355957 0.500000 0.012695 0.027273
1 0.380371 0.487121 0.016602 0.028788
1 0.378418 0.450000 0.012695 0.027273
1 0.394531 0.443182 0.011719 0.025758
1 0.395508 0.387121 0.011719 0.022727
1 0.360840 0.421212 0.010742 0.021212
1 0.337891 0.390909 0.011719 0.021212
1 0.307129 0.439394 0.012695 0.030303
1 0.279297 0.453788 0.011719 0.022727
1 0.278320 0.424242 0.011719 0.021212
1 0.244629 0.478788 0.012695 0.027273
1 0.233398 0.492424 0.011719 0.021212
1 0.230469 0.451515 0.007812 0.021212
1 0.286133 0.487121 0.013672 0.025758
1 0.279297 0.510606 0.011719 0.021212
1 0.375000 0.530303 0.013672 0.027273
1 0.407715 0.515909 0.014648 0.025758
1 0.396484 0.491667 0.009766 0.022727
1 0.418457 0.496212 0.012695 0.028788
1 0.430664 0.468939 0.011719 0.028788
1 0.445801 0.475758 0.008789 0.024242
1 0.448242 0.523485 0.013672 0.031818
1 0.440918 0.556818 0.014648 0.025758
1 0.439453 0.589394 0.015625 0.027273
1 0.427246 0.600000 0.012695 0.021212
1 0.400879 0.618182 0.010742 0.033333
1 0.483398 0.668939 0.013672 0.028788
1 0.501953 0.642424 0.013672 0.033333
1 0.545898 0.659848 0.015625 0.028788
1 0.567383 0.662121 0.013672 0.033333
1 0.575195 0.631818 0.015625 0.027273
1 0.547852 0.615909 0.013672 0.028788
1 0.530273 0.601515 0.013672 0.027273
1 0.545898 0.574242 0.017578 0.030303
1 0.563477 0.575758 0.015625 0.027273
1 0.557617 0.597727 0.013672 0.025758
1 0.586426 0.590909 0.008789 0.030303
1 0.586914 0.558333 0.013672 0.028788
1 0.561035 0.543939 0.012695 0.024242
1 0.572754 0.509848 0.012695 0.028788
1 0.550293 0.515909 0.010742 0.022727
1 0.562500 0.483333 0.009766 0.024242
1 0.581543 0.473485 0.012695 0.025758
1 0.578125 0.437121 0.011719 0.025758
1 0.573242 0.404545 0.011719 0.021212
1 0.529297 0.440909 0.011719 0.021212
1 0.510254 0.540909 0.010742 0.027273
1 0.525879 0.543939 0.010742 0.024242
1 0.514648 0.562879 0.013672 0.022727
1 0.497070 0.561364 0.015625 0.031818
1 0.491211 0.537121 0.013672 0.022727
1 0.482422 0.572727 0.009766 0.027273
1 0.510742 0.617424 0.013672 0.025758
1 0.475586 0.523485 0.015625 0.031818
1 0.480957 0.483333 0.010742 0.027273
1 0.519043 0.479545 0.014648 0.031818
1 0.472168 0.442424 0.012695 0.024242
1 0.423828 0.450000 0.013672 0.021212
1 0.416504 0.388636 0.010742 0.022727
1 0.334961 0.451515 0.011719 0.027273
1 0.347656 0.462879 0.011719 0.025758
1 0.345703 0.411364 0.011719 0.022727
1 0.538086 0.350000 0.011719 0.024242
1 0.504883 0.834091 0.017578 0.034848
1 0.490234 0.825758 0.009766 0.021212
1 0.476562 0.801515 0.017578 0.030303
1 0.461426 0.837879 0.016602 0.027273
1 0.429688 0.848485 0.015625 0.030303
1 0.415039 0.832576 0.013672 0.028788
1 0.430664 0.786364 0.009766 0.024242
1 0.430176 0.759091 0.014648 0.027273
1 0.411621 0.800000 0.010742 0.024242
1 0.392578 0.782576 0.017578 0.031818
1 0.410156 0.724242 0.011719 0.021212
1 0.389160 0.719697 0.012695 0.021212
1 0.466797 0.776515 0.013672 0.022727
1 0.461914 0.762121 0.009766 0.021212
1 0.517578 0.808333 0.011719 0.028788
1 0.541016 0.820455 0.015625 0.037879
1 0.579102 0.821212 0.017578 0.033333
1 0.595215 0.846212 0.016602 0.034848
1 0.644043 0.870455 0.016602 0.031818
1 0.633789 0.831818 0.017578 0.030303
1 0.618164 0.798485 0.017578 0.030303
1 0.539062 0.750000 0.017578 0.036364
1 0.510254 0.771212 0.012695 0.021212
1 0.501465 0.698485 0.014648 0.033333
1 0.515625 0.703030 0.009766 0.030303
1 0.484375 0.731061 0.015625 0.031818
1 0.577148 0.686364 0.013672 0.033333
1 0.603516 0.645455 0.013672 0.024242
1 0.619629 0.659091 0.010742 0.024242
1 0.637695 0.732576 0.013672 0.028788
1 0.685547 0.790909 0.011719 0.030303
1 0.656250 0.781818 0.009766 0.021212
1 0.670898 0.730303 0.013672 0.027273
1 0.673828 0.690909 0.013672 0.030303
1 0.650879 0.703788 0.014648 0.031818
1 0.659668 0.675758 0.012695 0.024242
1 0.641602 0.643939 0.011719 0.024242
1 0.682129 0.641667 0.008789 0.022727
1 0.673828 0.610606 0.011719 0.027273
1 0.633789 0.610606 0.013672 0.027273
1 0.604004 0.613636 0.010742 0.021212
1 0.600586 0.586364 0.009766 0.021212
1 0.625000 0.567424 0.011719 0.028788
1 0.198242 0.165152 0.011719 0.024242
1 0.698242 0.706818 0.013672 0.028788
1 0.740234 0.710606 0.015625 0.033333
1 0.758789 0.756818 0.013672 0.028788
1 0.774414 0.774242 0.015625 0.030303
1 0.732422 0.768182 0.013672 0.027273
1 0.711914 0.771970 0.011719 0.028788
1 0.687500 0.752273 0.011719 0.022727
1 0.705078 0.823485 0.011719 0.025758
1 0.734375 0.828030 0.011719 0.025758
1 0.754883 0.834091 0.015625 0.037879
1 0.692383 0.893182 0.017578 0.031818
1 0.671875 0.860606 0.015625 0.030303
1 0.805176 0.848485 0.016602 0.036364
1 0.854004 0.857576 0.016602 0.033333
1 0.833008 0.781818 0.017578 0.033333
1 0.854492 0.767424 0.013672 0.025758
1 0.809082 0.760606 0.012695 0.027273
1 0.763672 0.810606 0.013672 0.027273
1 0.810547 0.798485 0.011719 0.027273
1 0.797852 0.797727 0.011719 0.025758
1 0.790039 0.737121 0.011719 0.025758
1 0.784668 0.707576 0.014648 0.024242
1 0.775391 0.683333 0.015625 0.027273
1 0.754883 0.672727 0.015625 0.030303
1 0.744629 0.658333 0.014648 0.025758
1 0.732422 0.641667 0.011719 0.025758
1 0.717285 0.662121 0.010742 0.024242
1 0.794922 0.640909 0.015625 0.033333
1 0.856445 0.742424 0.017578 0.021212
1 0.835938 0.732576 0.013672 0.034848
1 0.864746 0.711364 0.014648 0.025758
1 0.857422 0.687121 0.011719 0.028788
1 0.906250 0.681818 0.015625 0.030303
1 0.885742 0.684848 0.013672 0.024242
1 0.887207 0.648485 0.014648 0.027273
1 0.867676 0.607576 0.016602 0.033333
1 0.822754 0.601515 0.016602 0.030303
1 0.847168 0.571970 0.012695 0.028788
1 0.824707 0.577273 0.012695 0.021212
1 0.802246 0.558333 0.012695 0.025758
1 0.769043 0.569697 0.014648 0.027273
1 0.746094 0.584091 0.013672 0.028788
1 0.763672 0.613636 0.013672 0.030303
1 0.824707 0.526515 0.014648 0.028788
1 0.753418 0.537879 0.012695 0.027273
1 0.743164 0.509848 0.013672 0.028788
1 0.753418 0.492424 0.016602 0.030303
1 0.723633 0.501515 0.013672 0.024242
1 0.711914 0.548485 0.013672 0.021212
1 0.739746 0.565909 0.012695 0.025758
1 0.686523 0.587879 0.011719 0.024242
1 0.652832 0.540909 0.014648 0.027273
1 0.691406 0.539394 0.013672 0.027273
1 0.690918 0.524242 0.012695 0.024242
1 0.668457 0.511364 0.012695 0.022727
1 0.626465 0.530303 0.014648 0.021212
1 0.595215 0.518182 0.014648 0.024242
1 0.604492 0.463636 0.013672 0.030303
1 0.621582 0.454545 0.014648 0.033333
1 0.642090 0.472727 0.010742 0.027273
1 0.666504 0.477273 0.014648 0.027273
1 0.687500 0.482576 0.013672 0.022727
1 0.710938 0.489394 0.011719 0.027273
1 0.791016 0.539394 0.009766 0.027273
1 0.803711 0.539394 0.011719 0.030303
1 0.840820 0.489394 0.011719 0.027273
1 0.826660 0.480303 0.012695 0.021212
1 0.848633 0.468182 0.011719 0.024242
1 0.833496 0.460606 0.010742 0.021212
1 0.810547 0.478788 0.015625 0.024242
1 0.810547 0.440909 0.011719 0.027273
1 0.787109 0.437879 0.011719 0.027273
1 0.769043 0.453030 0.012695 0.027273
1 0.736328 0.474242 0.011719 0.024242
1 0.708496 0.458333 0.012695 0.025758
1 0.734375 0.428788 0.011719 0.024242
1 0.746094 0.421970 0.011719 0.028788
1 0.708496 0.419697 0.012695 0.021212
1 0.670410 0.431818 0.010742 0.027273
1 0.654785 0.427273 0.010742 0.024242
1 0.611328 0.428788 0.011719 0.024242
1 0.630371 0.434848 0.012695 0.021212
1 0.595215 0.433333 0.014648 0.027273
1 0.840332 0.677273 0.012695 0.033333
1 0.830078 0.671212 0.013672 0.033333
1 0.884766 0.754545 0.013672 0.036364
1 0.915039 0.793939 0.015625 0.036364
1 0.928711 0.802273 0.017578 0.028788
1 0.898438 0.804545 0.011719 0.027273
1 0.861328 0.822727 0.021484 0.033333
1 0.912109 0.877273 0.017578 0.033333
1 0.935547 0.875758 0.017578 0.033333
1 0.903320 0.839394 0.017578 0.027273
1 0.981445 0.815909 0.019531 0.028788
1 0.894043 0.921970 0.016602 0.028788
1 0.953125 0.762879 0.013672 0.031818
1 0.935547 0.746970 0.011719 0.024242
1 0.951660 0.737879 0.016602 0.027273
1 0.989258 0.759848 0.017578 0.028788
1 0.965332 0.711364 0.012695 0.025758
1 0.918457 0.722727 0.014648 0.027273
1 0.966797 0.678788 0.011719 0.021212
1 0.977051 0.660606 0.012695 0.021212
1 0.930664 0.678030 0.017578 0.028788
1 0.930664 0.654545 0.017578 0.027273
1 0.915039 0.620455 0.013672 0.028788
1 0.907227 0.606818 0.013672 0.028788
1 0.926758 0.565152 0.013672 0.030303
1 0.939453 0.559091 0.013672 0.030303
1 0.925781 0.537879 0.013672 0.024242
1 0.893555 0.528030 0.015625 0.028788
1 0.902344 0.521212 0.011719 0.030303
1 0.863281 0.517424 0.011719 0.028788
1 0.902832 0.484848 0.014648 0.027273
1 0.934082 0.497727 0.010742 0.022727
1 0.937500 0.490909 0.011719 0.024242
1 0.915039 0.481061 0.011719 0.028788
1 0.924805 0.449242 0.011719 0.022727
1 0.909180 0.446212 0.013672 0.025758
1 0.888672 0.454545 0.011719 0.024242
1 0.867188 0.475758 0.015625 0.030303
1 0.869629 0.460606 0.014648 0.027273
1 0.862793 0.506818 0.014648 0.025758
1 0.951660 0.719697 0.008789 0.021212
1 0.996582 0.651515 0.006836 0.024242
1 0.980469 0.593182 0.015625 0.028788
1 0.974609 0.580303 0.015625 0.021212
1 0.954590 0.621212 0.012695 0.027273
1 0.956543 0.580303 0.014648 0.024242
1 0.996094 0.550000 0.007812 0.027273
1 0.994629 0.502273 0.008789 0.022727
1 0.993164 0.463636 0.009766 0.024242
1 0.956543 0.480303 0.012695 0.021212
1 0.967285 0.499242 0.014648 0.028788
1 0.939453 0.450758 0.011719 0.022727
1 0.933594 0.427273 0.011719 0.021212
1 0.945312 0.391667 0.011719 0.022727
1 0.968750 0.407576 0.009766 0.021212
1 0.972168 0.389394 0.012695 0.021212
1 0.970703 0.371212 0.011719 0.021212
1 0.911621 0.416667 0.014648 0.024242
1 0.932617 0.362121 0.011719 0.024242
1 0.927734 0.334091 0.013672 0.022727
1 0.911133 0.290909 0.011719 0.027273
1 0.921875 0.287121 0.009766 0.022727
1 0.936523 0.297727 0.009766 0.022727
1 0.951660 0.303030 0.010742 0.027273
1 0.883301 0.362121 0.012695 0.024242
1 0.864746 0.318939 0.012695 0.022727
1 0.869629 0.293182 0.012695 0.022727
1 0.849121 0.309091 0.012695 0.021212
1 0.840332 0.304545 0.012695 0.021212
1 0.838867 0.410606 0.013672 0.027273
1 0.854004 0.389394 0.012695 0.024242
1 0.888672 0.396970 0.011719 0.021212
1 0.875000 0.396212 0.011719 0.022727
1 0.817383 0.368182 0.013672 0.021212
1 0.817871 0.346970 0.012695 0.021212
1 0.829590 0.333333 0.012695 0.021212
1 0.809082 0.309091 0.012695 0.021212
1 0.786133 0.377273 0.013672 0.024242
1 0.770508 0.289394 0.013672 0.027273
1 0.758789 0.315152 0.013672 0.027273
1 0.746094 0.312121 0.009766 0.024242
1 0.769043 0.358333 0.012695 0.022727
1 0.782715 0.412121 0.014648 0.030303
1 0.764160 0.416667 0.008789 0.027273
1 0.741211 0.391667 0.013672 0.028788
1 0.755371 0.350000 0.010742 0.027273
1 0.717773 0.390909 0.011719 0.027273
1 0.688965 0.378788 0.010742 0.024242
1 0.729492 0.352273 0.013672 0.022727
1 0.722656 0.311364 0.013672 0.022727
1 0.734375 0.296970 0.011719 0.024242
1 0.715332 0.298485 0.010742 0.021212
1 0.694336 0.306061 0.011719 0.021212
1 0.720703 0.354545 0.007812 0.021212
1 0.743164 0.262879 0.013672 0.025758
1 0.774414 0.258333 0.011719 0.022727
1 0.770996 0.224242 0.010742 0.021212
1 0.755371 0.216667 0.012695 0.024242
1 0.729004 0.200758 0.012695 0.022727
1 0.701172 0.212879 0.011719 0.022727
1 0.711914 0.195455 0.009766 0.021212
1 0.681641 0.198485 0.011719 0.021212
1 0.746582 0.186364 0.010742 0.021212
1 0.763672 0.178788 0.009766 0.021212
1 0.775391 0.178788 0.011719 0.021212
1 0.806641 0.190909 0.013672 0.021212
1 0.788086 0.204545 0.009766 0.021212
1 0.800293 0.240909 0.012695 0.021212
1 0.807129 0.261364 0.012695 0.025758
1 0.798828 0.268182 0.011719 0.021212
1 0.833984 0.271970 0.009766 0.025758
1 0.842285 0.275758 0.008789 0.024242
1 0.864746 0.262121 0.012695 0.027273
1 0.855957 0.253030 0.010742 0.021212
1 0.868164 0.203030 0.007812 0.021212
1 0.843750 0.203030 0.011719 0.021212
1 0.823242 0.249242 0.011719 0.022727
1 0.826660 0.199242 0.008789 0.022727
1 0.882812 0.209091 0.011719 0.021212
1 0.902832 0.231818 0.012695 0.027273
1 0.932617 0.243182 0.009766 0.022727
1 0.945801 0.253788 0.010742 0.025758
1 0.960449 0.292424 0.008789 0.021212
1 0.951172 0.216667 0.011719 0.024242
1 0.884766 0.174242 0.011719 0.021212
1 0.871582 0.168939 0.012695 0.022727
1 0.977539 0.857576 0.011719 0.027273
1 0.970703 0.339394 0.011719 0.027273
1 0.988281 0.316667 0.013672 0.024242
1 0.994629 0.289394 0.010742 0.021212
1 0.985840 0.274242 0.008789 0.021212
1 0.986328 0.193182 0.011719 0.025758
1 0.977051 0.248485 0.012695 0.027273
1 0.964844 0.218182 0.009766 0.021212
1 0.976562 0.181061 0.013672 0.022727
1 0.996582 0.196970 0.004883 0.021212
1 0.965820 0.161364 0.011719 0.022727
1 0.972656 0.134848 0.011719 0.021212
1 0.944336 0.092424 0.011719 0.024242
1 0.929688 0.095455 0.011719 0.024242
1 0.904785 0.134091 0.010742 0.022727
1 0.881836 0.116667 0.011719 0.021212
1 0.834961 0.101515 0.009766 0.021212
1 0.824707 0.143939 0.010742 0.027273
1 0.767578 0.149242 0.011719 0.022727
1 0.735840 0.116667 0.012695 0.021212
1 0.765625 0.087121 0.009766 0.022727
1 0.762207 0.048485 0.010742 0.021212
1 0.877930 0.015909 0.011719 0.022727
1 0.982910 0.065152 0.008789 0.021212
1 0.996094 0.121212 0.005859 0.024242
1 0.991699 0.236364 0.006836 0.021212
1 0.281250 0.057576 0.007812 0.021212
1 0.005371 0.098485 0.008789 0.021212
1 0.264160 0.134848 0.010742 0.027273
1 0.608398 0.388636 0.011719 0.025758
1 0.621582 0.276515 0.014648 0.025758
1 0.005859 0.765909 0.009766 0.031818
1 0.114746 0.756061 0.014648 0.033333
1 0.418457 0.648485 0.012695 0.027273
1 0.543457 0.719697 0.014648 0.027273
1 0.629883 0.769697 0.017578 0.024242
1 0.630371 0.684091 0.012695 0.022727
1 0.633301 0.346970 0.014648 0.027273
1 0.646484 0.398485 0.013672 0.024242
1 0.376465 0.766667 0.014648 0.027273
1 0.818359 0.409091 0.013672 0.030303
1 0.697266 0.240909 0.005859 0.021212
1 0.328125 0.268939 0.011719 0.022727
1 0.236328 0.063636 0.007812 0.024242
2 0.220703 0.777273 0.085938 0.381818
