1 0.090820 0.266927 0.056641 0.083333
1 0.220215 0.302734 0.049805 0.082031
1 0.390625 0.333333 0.044922 0.072917
1 0.945801 0.279297 0.055664 0.089844
1 0.800781 0.250651 0.048828 0.079427
1 0.666504 0.343750 0.047852 0.093750
1 0.512207 0.352865 0.043945 0.075521
2 0.084473 0.576823 0.151367 0.789062
2 0.205078 0.610677 0.187500 0.778646
2 0.386230 0.622396 0.200195 0.710938
2 0.522461 0.640625 0.166016 0.718750
2 0.669434 0.636068 0.176758 0.727865
2 0.815430 0.565755 0.195312 0.774740
2 0.940430 0.541016 0.119141 0.686198
