1 0.911621 0.524336 0.067383 0.123894
1 0.824219 0.244469 0.019531 0.050885
1 0.644531 0.204646 0.021484 0.112832
1 0.724609 0.233407 0.009766 0.028761
1 0.550781 0.186947 0.029297 0.086283
1 0.465332 0.230088 0.020508 0.097345
1 0.389648 0.170354 0.027344 0.084071
1 0.300293 0.112832 0.022461 0.079646
1 0.332031 0.237832 0.011719 0.028761
1 0.164551 0.284292 0.020508 0.042035
1 0.098633 0.269912 0.013672 0.039823
2 0.095703 0.409292 0.060547 0.362832
2 0.256836 0.357301 0.138672 0.612832
2 0.357910 0.433628 0.098633 0.668142
2 0.435059 0.469027 0.112305 0.650442
2 0.530273 0.467920 0.128906 0.705752
2 0.625488 0.438053 0.147461 0.690265
2 0.914062 0.675885 0.171875 0.648230
2 0.841797 0.435841 0.085938 0.504425
