1 0.251953 0.406143 0.113281 0.170648
1 0.215820 0.178612 0.087891 0.156997
1 0.289062 0.167235 0.070312 0.120592
1 0.424805 0.147895 0.076172 0.118316
1 0.500000 0.275313 0.066406 0.104664
1 0.595703 0.222981 0.070312 0.127418
1 0.678711 0.234357 0.091797 0.136519
1 0.795898 0.257110 0.115234 0.168373
2 0.230957 0.625711 0.270508 0.734926
2 0.141602 0.511945 0.259766 0.910125
2 0.499023 0.368032 0.146484 0.376564
2 0.412598 0.228669 0.139648 0.377702
2 0.855469 0.558020 0.289062 0.883959
2 0.684082 0.358931 0.159180 0.488055
