1 0.100586 0.178873 0.013672 0.047887
1 0.142578 0.147887 0.013672 0.059155
1 0.065918 0.354930 0.020508 0.073239
1 0.105469 0.371831 0.017578 0.073239
1 0.145996 0.377465 0.020508 0.073239
1 0.179688 0.428169 0.017578 0.067606
1 0.164551 0.522535 0.018555 0.076056
1 0.226562 0.415493 0.017578 0.064789
1 0.233398 0.509859 0.021484 0.073239
1 0.230469 0.643662 0.023438 0.087324
1 0.279785 0.428169 0.016602 0.073239
1 0.295410 0.528169 0.020508 0.070423
1 0.176758 0.105634 0.017578 0.059155
1 0.185547 0.176056 0.015625 0.059155
1 0.220703 0.136620 0.015625 0.059155
1 0.254883 0.180282 0.013672 0.050704
1 0.255371 0.300000 0.016602 0.059155
1 0.275391 0.176056 0.015625 0.059155
1 0.319336 0.150704 0.015625 0.053521
1 0.342285 0.164789 0.014648 0.059155
1 0.384766 0.143662 0.015625 0.067606
1 0.296875 0.294366 0.017578 0.053521
1 0.343750 0.277465 0.013672 0.059155
1 0.389160 0.280282 0.016602 0.059155
1 0.326172 0.418310 0.017578 0.070423
1 0.379883 0.405634 0.019531 0.061972
1 0.356445 0.518310 0.021484 0.073239
1 0.419922 0.522535 0.019531 0.070423
1 0.367676 0.616901 0.024414 0.090141
1 0.428711 0.391549 0.017578 0.073239
1 0.470703 0.408451 0.017578 0.067606
1 0.484375 0.504225 0.021484 0.078873
1 0.284668 0.671831 0.022461 0.081690
1 0.416992 0.138028 0.015625 0.056338
1 0.451172 0.130986 0.015625 0.053521
1 0.479492 0.149296 0.013672 0.061972
1 0.511719 0.146479 0.015625 0.061972
1 0.496582 0.242254 0.016602 0.061972
1 0.440918 0.263380 0.016602 0.064789
1 0.552734 0.233803 0.015625 0.067606
1 0.559082 0.126761 0.014648 0.061972
1 0.522461 0.402817 0.017578 0.073239
1 0.553711 0.474648 0.019531 0.070423
1 0.572754 0.419718 0.018555 0.056338
1 0.623535 0.388732 0.018555 0.073239
1 0.626953 0.500000 0.019531 0.064789
1 0.599609 0.132394 0.015625 0.061972
1 0.638672 0.156338 0.013672 0.053521
1 0.682129 0.128169 0.014648 0.059155
1 0.715820 0.118310 0.015625 0.061972
1 0.712891 0.250704 0.017578 0.061972
1 0.656250 0.256338 0.017578 0.061972
1 0.607422 0.260563 0.015625 0.059155
1 0.674805 0.412676 0.017578 0.064789
1 0.718750 0.414085 0.017578 0.061972
1 0.684082 0.512676 0.020508 0.073239
1 0.753418 0.492958 0.018555 0.078873
1 0.764160 0.369014 0.018555 0.073239
1 0.739258 0.112676 0.013672 0.050704
1 0.762695 0.130986 0.013672 0.059155
1 0.767090 0.230986 0.018555 0.067606
1 0.813477 0.384507 0.017578 0.064789
1 0.852539 0.353521 0.019531 0.070423
1 0.812500 0.492958 0.021484 0.078873
1 0.869629 0.487324 0.022461 0.073239
1 0.899414 0.328169 0.017578 0.064789
1 0.942871 0.361972 0.018555 0.070423
2 0.060547 0.645070 0.050781 0.692958
2 0.151367 0.722535 0.074219 0.521127
2 0.228516 0.791549 0.068359 0.416901
2 0.286621 0.801408 0.063477 0.397183
2 0.365234 0.780282 0.076172 0.439437
2 0.487793 0.718310 0.073242 0.535211
2 0.560547 0.708451 0.080078 0.577465
2 0.696777 0.732394 0.069336 0.535211
2 0.761719 0.715493 0.087891 0.552113
2 0.832031 0.712676 0.101562 0.569014
2 0.899414 0.708451 0.099609 0.560563
2 0.956543 0.611268 0.065430 0.625352
