1 0.961426 0.410156 0.038086 0.054688
1 0.753418 0.160156 0.034180 0.049479
1 0.510254 0.550130 0.079102 0.089844
1 0.590820 0.474609 0.054688 0.076823
1 0.682617 0.526693 0.044922 0.058594
1 0.635254 0.160156 0.038086 0.057292
1 0.382324 0.146484 0.040039 0.053385
1 0.738281 0.156250 0.011719 0.020833
2 0.253418 0.229167 0.061523 0.192708
2 0.353516 0.298177 0.183594 0.468750
2 0.891113 0.274740 0.124023 0.315104
2 0.610352 0.255859 0.150391 0.326823
2 0.759766 0.303385 0.136719 0.406250
2 0.438477 0.658854 0.361328 0.471354
2 0.592773 0.564453 0.158203 0.355469
2 0.928711 0.539062 0.142578 0.385417
