1 0.106445 0.236810 0.060547 0.095706
1 0.243164 0.240491 0.060547 0.093252
1 0.443359 0.268712 0.058594 0.076074
1 0.588867 0.283436 0.060547 0.080982
1 0.804688 0.293252 0.058594 0.076074
1 0.198242 0.438037 0.068359 0.095706
1 0.378906 0.434356 0.062500 0.098160
1 0.512695 0.452761 0.064453 0.100613
1 0.726562 0.449080 0.054688 0.093252
1 0.941406 0.506748 0.054688 0.095706
2 0.089355 0.388957 0.166992 0.444172
2 0.187500 0.685890 0.250000 0.628221
2 0.362305 0.682822 0.171875 0.634356
2 0.517578 0.692025 0.181641 0.615951
2 0.729980 0.693252 0.188477 0.613497
2 0.915527 0.608589 0.168945 0.338650
2 0.601562 0.350920 0.167969 0.279755
