1 0.907715 0.335938 0.036133 0.049479
1 0.860352 0.376302 0.033203 0.057292
1 0.798828 0.356771 0.031250 0.046875
1 0.717773 0.349609 0.031250 0.045573
1 0.754883 0.417318 0.033203 0.048177
1 0.659180 0.439453 0.029297 0.048177
1 0.630371 0.356771 0.028320 0.041667
1 0.576172 0.345052 0.027344 0.044271
1 0.561523 0.446615 0.033203 0.046875
1 0.493164 0.333984 0.027344 0.048177
1 0.454102 0.401042 0.037109 0.049479
1 0.390625 0.343750 0.029297 0.041667
1 0.338379 0.389323 0.034180 0.057292
1 0.297852 0.339844 0.031250 0.046875
1 0.230957 0.383464 0.034180 0.050781
1 0.204590 0.329427 0.030273 0.049479
1 0.119141 0.302083 0.031250 0.044271
1 0.125000 0.393229 0.033203 0.046875
2 0.117676 0.599609 0.125977 0.490885
2 0.229004 0.593099 0.114258 0.506510
2 0.339355 0.594401 0.120117 0.503906
2 0.443359 0.598307 0.121094 0.490885
2 0.551758 0.626302 0.113281 0.440104
2 0.659180 0.619792 0.097656 0.453125
2 0.759766 0.611979 0.117188 0.481771
2 0.853516 0.592448 0.109375 0.531250
2 0.921875 0.538411 0.099609 0.506510
