1 0.974121 0.214391 0.026367 0.038179
1 0.949707 0.276065 0.026367 0.052863
1 0.938965 0.222467 0.026367 0.054332
1 0.894531 0.252570 0.031250 0.058737
1 0.823242 0.383994 0.064453 0.110132
1 0.781250 0.418502 0.037109 0.076358
1 0.722168 0.399413 0.049805 0.091043
1 0.840332 0.260646 0.024414 0.048458
1 0.755371 0.267254 0.026367 0.038179
1 0.775879 0.298825 0.018555 0.039648
1 0.735840 0.315712 0.022461 0.041116
1 0.679199 0.281938 0.024414 0.049927
1 0.661621 0.320117 0.022461 0.041116
1 0.631836 0.312041 0.019531 0.030837
1 0.605957 0.293686 0.024414 0.049927
1 0.546875 0.314244 0.023438 0.044053
1 0.564453 0.318649 0.019531 0.044053
1 0.545410 0.493392 0.022461 0.041116
1 0.612793 0.520558 0.026367 0.048458
1 0.523438 0.527900 0.029297 0.045521
1 0.501465 0.453744 0.022461 0.041116
1 0.472168 0.530103 0.024414 0.041116
1 0.454590 0.496329 0.022461 0.038179
1 0.489746 0.335536 0.024414 0.057269
1 0.467773 0.339207 0.021484 0.038179
1 0.449219 0.345081 0.019531 0.032305
1 0.421875 0.328194 0.021484 0.039648
1 0.396484 0.359765 0.019531 0.038179
1 0.380371 0.366373 0.020508 0.036711
1 0.352051 0.383260 0.022461 0.041116
1 0.398926 0.493392 0.018555 0.038179
1 0.382812 0.513216 0.021484 0.039648
1 0.406250 0.524229 0.021484 0.041116
1 0.434082 0.560940 0.024414 0.046990
1 0.357910 0.556535 0.022461 0.046990
1 0.330078 0.364170 0.019531 0.032305
1 0.295898 0.377386 0.021484 0.038179
1 0.248047 0.390602 0.021484 0.041116
1 0.218750 0.387665 0.019531 0.038179
1 0.328125 0.516887 0.019531 0.038179
1 0.313965 0.569016 0.020508 0.036711
1 0.245117 0.541850 0.019531 0.035242
1 0.229004 0.566814 0.022461 0.044053
1 0.282227 0.580029 0.023438 0.044053
1 0.211426 0.589574 0.024414 0.048458
1 0.178711 0.497063 0.021484 0.039648
1 0.180664 0.411894 0.019531 0.036711
1 0.173828 0.381057 0.017578 0.027900
1 0.153320 0.380323 0.017578 0.029369
1 0.159668 0.449339 0.020508 0.035242
1 0.125000 0.399413 0.019531 0.035242
1 0.105469 0.421439 0.019531 0.041116
1 0.096680 0.390602 0.015625 0.026432
1 0.136719 0.530103 0.017578 0.041116
1 0.137207 0.596182 0.026367 0.044053
1 0.059570 0.657122 0.023438 0.045521
1 0.053711 0.602790 0.025391 0.039648
1 0.081543 0.720999 0.043945 0.073421
1 0.028320 0.748899 0.039062 0.070485
1 0.065918 0.383994 0.022461 0.045521
1 0.017090 0.400881 0.022461 0.038179
2 0.717285 0.660793 0.153320 0.678414
2 0.890137 0.649780 0.215820 0.700441
2 0.099609 0.832599 0.121094 0.334802
2 0.157715 0.652717 0.098633 0.180617
2 0.533203 0.607930 0.119141 0.220264
