1 0.284180 0.336570 0.035156 0.077670
1 0.416992 0.304207 0.029297 0.055016
1 0.561035 0.279935 0.026367 0.058252
1 0.722656 0.271036 0.031250 0.050162
1 0.938965 0.284790 0.036133 0.080906
1 0.850586 0.398058 0.037109 0.110032
1 0.110840 0.330097 0.036133 0.087379
1 0.065430 0.442557 0.042969 0.134304
1 0.376953 0.511327 0.025391 0.103560
2 0.079590 0.621359 0.157227 0.537217
2 0.123535 0.405340 0.116211 0.315534
2 0.277832 0.402104 0.129883 0.263754
2 0.328613 0.652104 0.264648 0.498382
2 0.410645 0.352751 0.108398 0.242718
2 0.562988 0.326861 0.102539 0.203883
2 0.738770 0.319579 0.106445 0.244337
2 0.773926 0.565534 0.311523 0.519417
