0 0.070909 0.212439 0.060000 0.098546
0 0.193636 0.126817 0.047273 0.075929
0 0.305909 0.174475 0.046364 0.071082
0 0.394545 0.183360 0.058182 0.098546
0 0.535909 0.126010 0.039091 0.074313
0 0.610000 0.153473 0.032727 0.071082
0 0.684091 0.146204 0.039091 0.059774
0 0.735909 0.134087 0.037273 0.074313
0 0.840909 0.177706 0.052727 0.096931
0 0.912273 0.159128 0.044545 0.079160
2 0.098636 0.533926 0.180909 0.932149
2 0.209091 0.445880 0.132727 0.820679
2 0.398636 0.502423 0.193636 0.995153
2 0.736818 0.247173 0.142727 0.426494
2 0.867727 0.532310 0.251818 0.935380
