0 0.041364 0.952342 0.071818 0.092084
0 0.121818 0.853796 0.070909 0.134087
0 0.165909 0.768982 0.053636 0.119548
1 0.094091 0.478998 0.050000 0.092084
0 0.263182 0.502423 0.048182 0.109855
0 0.260000 0.222132 0.058182 0.092084
0 0.083636 0.326333 0.045455 0.106624
0 0.022727 0.281906 0.030909 0.085622
0 0.562273 0.904685 0.071818 0.126010
0 0.518182 0.810178 0.063636 0.098546
0 0.499091 0.415994 0.061818 0.108239
0 0.481364 0.222940 0.060909 0.090468
0 0.487727 0.067044 0.055455 0.075929
0 0.661818 0.222132 0.054545 0.111470
0 0.640909 0.489499 0.052727 0.103393
0 0.748636 0.221325 0.059091 0.116317
0 0.821364 0.138934 0.057273 0.087237
0 0.896364 0.317447 0.067273 0.101777
0 0.933182 0.685784 0.062727 0.101777
2 0.295909 0.675283 0.190000 0.649435
2 0.132727 0.533118 0.205455 0.384491
2 0.489545 0.474960 0.151818 0.371567
2 0.665000 0.585622 0.211818 0.492730
2 0.753636 0.311793 0.167273 0.436187
2 0.887727 0.369144 0.224545 0.405493
2 0.902727 0.756058 0.194545 0.487884
2 0.255455 0.265751 0.196364 0.373183
