0 0.240000 0.220149 0.068750 0.119403
0 0.381250 0.295709 0.068750 0.106343
0 0.485312 0.295709 0.048125 0.072761
0 0.593750 0.286847 0.050000 0.077425
0 0.637500 0.308769 0.030000 0.054104
0 0.668125 0.275653 0.026250 0.049440
1 0.712500 0.283582 0.012500 0.026119
1 0.730000 0.278918 0.012500 0.022388
0 0.791250 0.290578 0.013750 0.023321
2 0.222500 0.549440 0.182500 0.901119
2 0.376250 0.593284 0.211250 0.813433
2 0.495625 0.573694 0.113750 0.729478
2 0.612812 0.569963 0.155625 0.736940
2 0.790625 0.366604 0.041250 0.201493
2 0.715625 0.368004 0.041250 0.221082
