0 0.669000 0.657967 0.122000 0.189560
0 0.803000 0.559066 0.132000 0.195055
0 0.941500 0.454670 0.059000 0.104396
0 0.828000 0.258242 0.066000 0.085165
0 0.931000 0.221154 0.034000 0.068681
0 0.686500 0.364011 0.079000 0.112637
0 0.631000 0.197802 0.042000 0.074176
0 0.562500 0.451923 0.073000 0.112637
0 0.368000 0.456044 0.072000 0.123626
0 0.509000 0.361951 0.060000 0.078297
0 0.251000 0.418956 0.062000 0.074176
0 0.117500 0.527473 0.073000 0.118132
0 0.050500 0.381868 0.055000 0.079670
0 0.239000 0.222527 0.058000 0.071429
0 0.358000 0.168956 0.052000 0.074176
0 0.477500 0.218407 0.029000 0.057692
0 0.533000 0.256868 0.034000 0.060440
0 0.141500 0.173077 0.057000 0.074176
2 0.117500 0.712912 0.197000 0.574176
2 0.344000 0.667582 0.268000 0.664835
2 0.544000 0.669643 0.164000 0.660714
