0 0.846000 0.167916 0.056000 0.089955
0 0.936000 0.301349 0.044000 0.080960
0 0.645000 0.197901 0.046000 0.071964
0 0.710000 0.293853 0.034000 0.056972
0 0.092000 0.211394 0.042000 0.074963
0 0.119000 0.280360 0.054000 0.092954
0 0.476500 0.196402 0.065000 0.098951
1 0.196000 0.293853 0.056000 0.089955
1 0.022000 0.200900 0.042000 0.065967
1 0.362500 0.247376 0.047000 0.068966
1 0.603000 0.218891 0.036000 0.059970
1 0.726000 0.155922 0.048000 0.065967
1 0.238000 0.232384 0.036000 0.062969
2 0.202500 0.595202 0.201000 0.809595
2 0.345500 0.514243 0.133000 0.695652
2 0.486500 0.546477 0.221000 0.907046
2 0.843000 0.528486 0.222000 0.943028
