0 0.399000 0.254448 0.070000 0.128114
0 0.540000 0.395907 0.058000 0.108541
0 0.288500 0.890569 0.131000 0.218861
0 0.537500 0.934164 0.121000 0.131673
0 0.840000 0.202847 0.058000 0.106762
0 0.645000 0.153025 0.062000 0.099644
0 0.725000 0.158363 0.060000 0.128114
0 0.513000 0.254448 0.062000 0.128114
0 0.529000 0.048043 0.026000 0.078292
0 0.409000 0.088078 0.046000 0.083630
0 0.271000 0.033808 0.030000 0.064057
0 0.159000 0.088078 0.046000 0.076512
0 0.051000 0.123665 0.050000 0.069395
0 0.206000 0.055160 0.032000 0.064057
0 0.788000 0.040925 0.040000 0.078292
1 0.229500 0.122776 0.037000 0.078292
2 0.161000 0.329181 0.156000 0.654804
2 0.378500 0.455516 0.195000 0.754448
2 0.572500 0.535587 0.197000 0.580071
2 0.749000 0.380783 0.194000 0.725979
2 0.855500 0.346975 0.137000 0.572954
