0 0.021562 0.489222 0.041875 0.078725
0 0.087500 0.453608 0.045000 0.069353
0 0.191875 0.453608 0.047500 0.073102
0 0.286250 0.425492 0.042500 0.063730
0 0.348125 0.448922 0.046250 0.082474
0 0.483125 0.466261 0.046250 0.075914
0 0.503750 0.425492 0.027500 0.086223
0 0.613125 0.438613 0.026250 0.048735
0 0.691875 0.330834 0.050000 0.093721
0 0.870000 0.354264 0.058750 0.088097
0 0.991250 0.377226 0.017500 0.074039
0 0.926250 0.374414 0.047500 0.077788
1 0.638437 0.446111 0.034375 0.073102
1 0.404375 0.492034 0.043750 0.073102
1 0.259688 0.469072 0.046875 0.083411
2 0.749062 0.598875 0.215625 0.759138
2 0.886875 0.631209 0.158750 0.737582
