0 0.847000 0.168666 0.062000 0.094453
0 0.091000 0.206897 0.050000 0.065967
0 0.645000 0.194903 0.046000 0.071964
0 0.708500 0.296852 0.033000 0.047976
0 0.936500 0.299850 0.047000 0.080960
0 0.478000 0.196402 0.056000 0.098951
0 0.117000 0.279610 0.056000 0.094453
1 0.023000 0.200900 0.044000 0.071964
1 0.196000 0.296102 0.056000 0.088456
1 0.234000 0.233883 0.036000 0.062969
1 0.363500 0.245877 0.045000 0.059970
1 0.603000 0.215892 0.042000 0.059970
1 0.723000 0.155922 0.046000 0.065967
2 0.191500 0.591454 0.179000 0.817091
2 0.480000 0.547226 0.216000 0.905547
2 0.346500 0.514243 0.129000 0.710645
2 0.836000 0.531484 0.222000 0.937031
