0 0.090000 0.828333 0.060000 0.086667
0 0.220000 0.828333 0.060000 0.086667
0 0.331250 0.858333 0.057500 0.083333
0 0.505000 0.902500 0.070000 0.085000
0 0.795000 0.767500 0.060000 0.075000
0 0.953750 0.838333 0.055000 0.050000
0 0.665000 0.661667 0.060000 0.076667
0 0.851250 0.507500 0.047500 0.061667
0 0.980000 0.570000 0.035000 0.063333
0 0.720000 0.505000 0.035000 0.053333
0 0.543125 0.680000 0.056250 0.073333
0 0.408750 0.647500 0.052500 0.068333
0 0.226250 0.590000 0.030000 0.076667
0 0.190000 0.576667 0.055000 0.080000
0 0.121250 0.573333 0.052500 0.073333
0 0.013750 0.545000 0.025000 0.073333
0 0.021250 0.392500 0.040000 0.045000
0 0.131250 0.392500 0.045000 0.061667
0 0.263750 0.431667 0.040000 0.056667
0 0.345000 0.422500 0.045000 0.058333
0 0.470000 0.482500 0.050000 0.061667
0 0.571875 0.496667 0.048750 0.060000
0 0.966250 0.355000 0.042500 0.063333
0 0.815000 0.320000 0.030000 0.060000
0 0.723750 0.307500 0.040000 0.065000
0 0.651250 0.305000 0.045000 0.046667
0 0.538750 0.252500 0.040000 0.061667
0 0.483750 0.257500 0.032500 0.061667
0 0.373750 0.216667 0.032500 0.060000
0 0.291875 0.233333 0.033750 0.053333
0 0.180000 0.205000 0.030000 0.053333
0 0.085625 0.203333 0.038750 0.063333
0 0.020000 0.193333 0.037500 0.056667
0 0.018750 0.098333 0.030000 0.046667
0 0.117500 0.106667 0.022500 0.046667
0 0.207500 0.142500 0.035000 0.051667
0 0.333125 0.147500 0.028750 0.055000
0 0.485000 0.120000 0.027500 0.053333
0 0.575000 0.153333 0.035000 0.060000
0 0.696875 0.181667 0.036250 0.060000
0 0.788125 0.160000 0.038750 0.066667
0 0.901250 0.195000 0.037500 0.056667
0 0.986250 0.211667 0.027500 0.060000
0 0.816250 0.062500 0.032500 0.048333
0 0.740625 0.070000 0.036250 0.053333
0 0.642500 0.062500 0.032500 0.055000
0 0.598750 0.021667 0.025000 0.040000
0 0.515625 0.057500 0.033750 0.045000
0 0.447500 0.061667 0.035000 0.040000
0 0.380000 0.048333 0.035000 0.046667
0 0.293750 0.033333 0.037500 0.046667
0 0.176250 0.052500 0.025000 0.038333
0 0.111250 0.025000 0.022500 0.046667
2 0.079375 0.855000 0.126250 0.290000
2 0.197500 0.853333 0.140000 0.293333
2 0.328750 0.874167 0.162500 0.251667
2 0.267500 0.645000 0.130000 0.293333
2 0.416250 0.687500 0.150000 0.305000
2 0.542500 0.719167 0.130000 0.258333
2 0.668125 0.763333 0.173750 0.423333
2 0.785000 0.827500 0.155000 0.345000
2 0.926875 0.858333 0.146250 0.283333
2 0.121250 0.421667 0.112500 0.196667
2 0.347500 0.469167 0.142500 0.238333
2 0.175000 0.244167 0.107500 0.231667
2 0.073125 0.252500 0.091250 0.231667
2 0.449375 0.303333 0.113750 0.233333
2 0.540625 0.320833 0.103750 0.285000
2 0.621250 0.350000 0.142500 0.246667
2 0.829375 0.571667 0.118750 0.303333
2 0.952500 0.415833 0.095000 0.255000
