0 0.042500 0.234234 0.077000 0.138138
0 0.243000 0.376877 0.074000 0.123123
0 0.416000 0.448949 0.074000 0.117117
0 0.575500 0.409159 0.063000 0.130631
0 0.704500 0.400901 0.073000 0.105105
0 0.822000 0.406907 0.066000 0.099099
0 0.876000 0.381381 0.032000 0.072072
1 0.925000 0.388889 0.054000 0.087087
1 0.505500 0.321321 0.069000 0.090090
1 0.645000 0.358859 0.042000 0.102102
2 0.088000 0.351351 0.168000 0.576577
2 0.251000 0.599850 0.192000 0.782282
2 0.406500 0.647898 0.211000 0.704204
2 0.696000 0.636637 0.224000 0.714715
2 0.826000 0.649399 0.146000 0.701201
