1 0.899414 0.352214 0.044922 0.063802
1 0.770996 0.326172 0.040039 0.058594
1 0.696289 0.307292 0.041016 0.052083
1 0.597656 0.352214 0.039062 0.055990
1 0.610352 0.639323 0.044922 0.062500
1 0.529785 0.322917 0.038086 0.054688
1 0.364258 0.341797 0.044922 0.066406
1 0.460449 0.320964 0.038086 0.063802
1 0.249023 0.294922 0.039062 0.061198
1 0.178711 0.321615 0.046875 0.078125
1 0.060547 0.345052 0.021484 0.033854
1 0.415039 0.337891 0.017578 0.024740
1 0.321289 0.320312 0.013672 0.023438
2 0.161133 0.611979 0.208984 0.768229
2 0.345215 0.636068 0.192383 0.727865
2 0.458496 0.570312 0.137695 0.653646
2 0.599609 0.774089 0.234375 0.451823
2 0.620605 0.432943 0.153320 0.295573
2 0.770508 0.576172 0.142578 0.626302
2 0.913574 0.632812 0.172852 0.734375
