1 0.972168 0.919643 0.034180 0.071429
1 0.860840 0.937500 0.032227 0.077381
1 0.961914 0.802827 0.029297 0.061012
1 0.819336 0.785714 0.027344 0.059524
1 0.915039 0.697917 0.029297 0.065476
1 0.986328 0.644345 0.027344 0.056548
1 0.880371 0.607143 0.028320 0.056548
1 0.936035 0.543899 0.028320 0.058036
1 0.974609 0.476190 0.025391 0.053571
1 0.857910 0.529762 0.028320 0.050595
1 0.935547 0.407738 0.023438 0.050595
1 0.927246 0.456845 0.022461 0.053571
1 0.852051 0.424107 0.028320 0.053571
1 0.943359 0.366071 0.021484 0.044643
1 0.967773 0.292411 0.021484 0.040179
1 0.928711 0.325893 0.021484 0.038690
1 0.878418 0.351190 0.024414 0.035714
1 0.983398 0.190476 0.017578 0.035714
1 0.945312 0.242560 0.019531 0.041667
1 0.954590 0.218006 0.014648 0.034226
1 0.892578 0.252232 0.019531 0.043155
1 0.907227 0.263393 0.017578 0.035714
1 0.892090 0.220982 0.018555 0.028274
1 0.893555 0.186756 0.019531 0.031250
1 0.980469 0.137649 0.019531 0.037202
1 0.857910 0.168899 0.018555 0.034226
1 0.866211 0.225446 0.017578 0.040179
1 0.934082 0.106399 0.020508 0.040179
1 0.962891 0.095238 0.011719 0.029762
1 0.895508 0.095238 0.017578 0.035714
1 0.869629 0.075149 0.010742 0.022321
1 0.945312 0.075893 0.015625 0.026786
1 0.745117 0.860119 0.035156 0.071429
1 0.713867 0.764881 0.029297 0.068452
1 0.742188 0.662202 0.029297 0.062500
1 0.699219 0.578125 0.027344 0.061012
1 0.796875 0.489583 0.025391 0.062500
1 0.656250 0.517857 0.027344 0.062500
1 0.626465 0.595982 0.024414 0.046131
1 0.828125 0.458333 0.023438 0.047619
1 0.755371 0.444196 0.022461 0.049107
1 0.770996 0.437500 0.018555 0.035714
1 0.753418 0.381696 0.020508 0.043155
1 0.829102 0.319940 0.019531 0.038690
1 0.811035 0.283482 0.018555 0.034226
1 0.833984 0.205357 0.017578 0.035714
1 0.809570 0.192708 0.019531 0.037202
1 0.768555 0.253720 0.019531 0.043155
1 0.780273 0.237351 0.017578 0.037202
1 0.819336 0.137649 0.015625 0.037202
1 0.817383 0.173363 0.015625 0.031250
1 0.788086 0.145833 0.017578 0.032738
1 0.775391 0.165179 0.017578 0.035714
1 0.750000 0.200149 0.017578 0.037202
1 0.735352 0.150298 0.015625 0.029762
1 0.773438 0.122768 0.017578 0.031250
1 0.755371 0.098958 0.014648 0.031250
1 0.815430 0.072917 0.017578 0.032738
1 0.849609 0.096726 0.015625 0.029762
1 0.784668 0.078869 0.012695 0.023810
1 0.800293 0.037202 0.014648 0.026786
1 0.769043 0.055060 0.014648 0.026786
1 0.753418 0.066220 0.016602 0.025298
1 0.763672 0.037202 0.015625 0.023810
1 0.727539 0.055060 0.015625 0.029762
1 0.756836 0.014881 0.013672 0.023810
1 0.527832 0.744048 0.022461 0.068452
1 0.452148 0.702381 0.031250 0.056548
1 0.518555 0.674107 0.025391 0.050595
1 0.411621 0.843750 0.036133 0.083333
1 0.432129 0.982143 0.041992 0.035714
1 0.315430 0.808780 0.046875 0.081845
1 0.572754 0.531250 0.028320 0.050595
1 0.494629 0.619792 0.030273 0.058036
1 0.470215 0.511905 0.026367 0.053571
1 0.554688 0.441964 0.031250 0.059524
1 0.471680 0.427827 0.023438 0.049107
1 0.511719 0.398810 0.023438 0.050595
1 0.626465 0.395833 0.024414 0.053571
1 0.713867 0.408482 0.023438 0.049107
1 0.448242 0.394345 0.023438 0.044643
1 0.697754 0.470238 0.024414 0.038690
1 0.684570 0.348214 0.021484 0.047619
1 0.725586 0.338542 0.021484 0.046131
1 0.753418 0.340030 0.022461 0.043155
1 0.703125 0.282738 0.015625 0.029762
1 0.644531 0.305060 0.021484 0.041667
1 0.655273 0.281250 0.019531 0.035714
1 0.604004 0.337798 0.022461 0.047619
1 0.719727 0.200893 0.017578 0.041667
1 0.703125 0.202381 0.017578 0.032738
1 0.689453 0.172619 0.013672 0.023810
1 0.635742 0.237351 0.017578 0.034226
1 0.612793 0.317708 0.018555 0.034226
1 0.599609 0.266369 0.027344 0.041667
1 0.606445 0.200893 0.019531 0.041667
1 0.575195 0.293155 0.019531 0.038690
1 0.545898 0.360119 0.017578 0.038690
1 0.554688 0.226190 0.019531 0.041667
1 0.559082 0.200149 0.018555 0.040179
1 0.699219 0.076637 0.015625 0.028274
1 0.723633 0.114583 0.013672 0.020833
1 0.705078 0.113839 0.017578 0.028274
1 0.684082 0.099702 0.016602 0.029762
1 0.687500 0.032738 0.013672 0.026786
1 0.668457 0.114583 0.014648 0.029762
1 0.684570 0.137649 0.017578 0.028274
1 0.630859 0.165923 0.017578 0.037202
1 0.641602 0.146577 0.011719 0.022321
1 0.659180 0.103423 0.017578 0.034226
1 0.648438 0.062500 0.013672 0.029762
1 0.659180 0.035714 0.015625 0.026786
1 0.632812 0.077381 0.017578 0.029762
1 0.607910 0.083333 0.014648 0.032738
1 0.621094 0.028274 0.013672 0.026786
1 0.599609 0.061012 0.013672 0.020833
1 0.586914 0.119792 0.013672 0.031250
1 0.567871 0.077381 0.016602 0.029762
1 0.570801 0.125744 0.016602 0.034226
1 0.562500 0.016369 0.013672 0.026786
1 0.525391 0.014881 0.011719 0.020833
1 0.543457 0.106399 0.014648 0.034226
1 0.521484 0.111607 0.017578 0.038690
1 0.491211 0.093006 0.013672 0.031250
1 0.505859 0.141369 0.017578 0.035714
1 0.460938 0.107143 0.015625 0.029762
1 0.454102 0.065476 0.015625 0.032738
1 0.508789 0.031250 0.013672 0.029762
1 0.489258 0.046875 0.013672 0.031250
1 0.454102 0.028274 0.011719 0.023810
1 0.427246 0.113095 0.020508 0.023810
1 0.418457 0.151786 0.016602 0.032738
1 0.418945 0.104167 0.017578 0.026786
1 0.408203 0.076637 0.015625 0.031250
1 0.408203 0.049107 0.011719 0.020833
1 0.388672 0.139881 0.017578 0.029762
1 0.359375 0.120536 0.013672 0.032738
1 0.374023 0.094494 0.015625 0.031250
1 0.394531 0.041667 0.013672 0.023810
1 0.378418 0.042411 0.012695 0.022321
1 0.397461 0.012649 0.013672 0.022321
1 0.359375 0.047619 0.015625 0.023810
1 0.350586 0.028274 0.013672 0.026786
1 0.321289 0.041667 0.017578 0.032738
1 0.419922 0.011905 0.015625 0.020833
1 0.324707 0.140625 0.018555 0.031250
1 0.324219 0.091518 0.013672 0.031250
1 0.285156 0.014881 0.015625 0.026786
1 0.274414 0.074405 0.019531 0.026786
1 0.305664 0.121280 0.017578 0.034226
1 0.257812 0.125744 0.017578 0.031250
1 0.260742 0.082589 0.017578 0.034226
1 0.250000 0.052083 0.015625 0.026786
1 0.249023 0.014881 0.013672 0.026786
1 0.241211 0.027530 0.015625 0.031250
1 0.237793 0.134673 0.016602 0.037202
1 0.223633 0.090774 0.017578 0.029762
1 0.222168 0.066220 0.014648 0.025298
1 0.194336 0.040923 0.013672 0.028274
1 0.196289 0.092262 0.015625 0.035714
1 0.179688 0.017857 0.013672 0.029762
1 0.190918 0.011905 0.010742 0.020833
1 0.206055 0.031250 0.009766 0.026786
1 0.202148 0.162946 0.019531 0.034226
1 0.187500 0.130952 0.015625 0.023810
1 0.552246 0.163690 0.012695 0.023810
1 0.451660 0.215774 0.018555 0.032738
1 0.514160 0.263393 0.020508 0.035714
1 0.487793 0.268601 0.018555 0.034226
1 0.501953 0.330357 0.021484 0.044643
1 0.467773 0.332589 0.017578 0.043155
1 0.418945 0.272321 0.021484 0.044643
1 0.399414 0.296131 0.019531 0.047619
1 0.400391 0.197173 0.017578 0.040179
1 0.370117 0.180804 0.015625 0.034226
1 0.359375 0.193452 0.019531 0.029762
1 0.339844 0.198661 0.019531 0.034226
1 0.337891 0.250000 0.019531 0.041667
1 0.302734 0.258929 0.021484 0.041667
1 0.347656 0.331845 0.021484 0.041667
1 0.431641 0.360863 0.017578 0.043155
1 0.283203 0.328869 0.023438 0.044643
1 0.264648 0.214286 0.017578 0.041667
1 0.278320 0.202381 0.017578 0.032738
1 0.284668 0.246280 0.020508 0.046131
1 0.319336 0.181548 0.019531 0.035714
1 0.269043 0.168899 0.016602 0.031250
1 0.404785 0.380952 0.022461 0.038690
1 0.407715 0.421131 0.020508 0.044643
1 0.391602 0.435268 0.027344 0.061012
1 0.340332 0.377976 0.022461 0.047619
1 0.279785 0.450893 0.030273 0.053571
1 0.345703 0.563988 0.029297 0.059524
1 0.366211 0.680060 0.035156 0.083333
1 0.264160 0.537946 0.030273 0.063988
1 0.255371 0.478423 0.022461 0.043155
1 0.234375 0.688988 0.041016 0.068452
1 0.192871 0.653274 0.024414 0.065476
1 0.153320 0.864583 0.044922 0.077381
1 0.047852 0.840774 0.037109 0.074405
1 0.039551 0.691220 0.036133 0.066964
1 0.173828 0.489583 0.029297 0.056548
1 0.076172 0.444940 0.031250 0.059524
1 0.135254 0.486607 0.024414 0.062500
1 0.199707 0.390625 0.026367 0.061012
1 0.242188 0.402530 0.025391 0.058036
1 0.197754 0.299107 0.028320 0.056548
1 0.227051 0.311012 0.022461 0.041667
1 0.220703 0.233631 0.019531 0.035714
1 0.204590 0.247024 0.022461 0.035714
1 0.142578 0.233631 0.021484 0.041667
1 0.151367 0.224702 0.017578 0.035714
1 0.111328 0.241071 0.017578 0.038690
1 0.152832 0.330357 0.022461 0.044643
1 0.159180 0.305060 0.019531 0.041667
1 0.072266 0.308780 0.029297 0.052083
1 0.082031 0.267857 0.025391 0.047619
1 0.144043 0.169643 0.018555 0.041667
1 0.149414 0.149554 0.019531 0.034226
1 0.095703 0.188988 0.017578 0.035714
1 0.065918 0.238839 0.018555 0.040179
1 0.041504 0.172619 0.020508 0.041667
1 0.088867 0.120536 0.017578 0.035714
1 0.123535 0.123512 0.016602 0.035714
1 0.168457 0.105655 0.018555 0.029762
1 0.150879 0.069940 0.016602 0.029762
1 0.124023 0.084077 0.011719 0.025298
1 0.087891 0.063988 0.015625 0.032738
1 0.074707 0.072173 0.014648 0.025298
1 0.030273 0.123512 0.015625 0.023810
1 0.071289 0.145089 0.019531 0.037202
1 0.052734 0.149554 0.019531 0.034226
1 0.025391 0.091518 0.015625 0.028274
1 0.034180 0.046131 0.013672 0.029762
1 0.041992 0.029762 0.013672 0.023810
1 0.107422 0.027530 0.015625 0.031250
1 0.123047 0.011905 0.015625 0.020833
1 0.097168 0.020089 0.014648 0.031250
1 0.010254 0.061012 0.018555 0.029762
1 0.165039 0.016369 0.015625 0.029762
1 0.009277 0.566220 0.016602 0.072917
1 0.006348 0.149554 0.010742 0.046131
1 0.008301 0.014137 0.014648 0.025298
1 0.008301 0.254464 0.014648 0.041667
1 0.114258 0.985119 0.044922 0.029762
1 0.950195 0.062500 0.017578 0.029762
2 0.307617 0.872768 0.117188 0.254464
2 0.143066 0.899554 0.110352 0.200893
2 0.459961 0.529018 0.062500 0.171131
2 0.154785 0.546875 0.077148 0.212798
2 0.808594 0.845982 0.087891 0.275298
2 0.857422 0.631696 0.082031 0.188988
2 0.238770 0.792411 0.096680 0.325893
2 0.074707 0.498512 0.083008 0.232143
