1 0.628418 0.602214 0.012695 0.032552
1 0.642578 0.621094 0.013672 0.031250
1 0.488281 0.628255 0.011719 0.032552
1 0.917480 0.557943 0.012695 0.024740
1 0.686523 0.542969 0.013672 0.020833
1 0.778809 0.547526 0.012695 0.022135
1 0.517090 0.544271 0.012695 0.023438
1 0.482422 0.541016 0.011719 0.022135
1 0.240723 0.555990 0.010742 0.020833
1 0.107910 0.552734 0.010742 0.019531
2 0.434570 0.612630 0.042969 0.173177
2 0.683105 0.612630 0.045898 0.173177
2 0.777832 0.610677 0.045898 0.164062
2 0.864746 0.624349 0.045898 0.170573
2 0.915039 0.623698 0.037109 0.166667
