1 0.954590 0.355469 0.036133 0.049479
1 0.813965 0.423177 0.036133 0.054688
1 0.735352 0.365885 0.021484 0.036458
1 0.684570 0.383464 0.035156 0.058594
1 0.682129 0.277995 0.030273 0.048177
1 0.635742 0.343750 0.035156 0.049479
1 0.559082 0.360677 0.030273 0.049479
1 0.849121 0.201823 0.036133 0.057292
1 0.466797 0.399740 0.039062 0.057292
1 0.312500 0.375000 0.037109 0.052083
1 0.226562 0.368490 0.009766 0.020833
1 0.232422 0.342448 0.029297 0.049479
1 0.088867 0.348307 0.027344 0.045573
1 0.029785 0.402344 0.030273 0.044271
1 0.993164 0.510417 0.013672 0.028646
1 0.949219 0.524089 0.021484 0.032552
1 0.918457 0.545573 0.022461 0.036458
1 0.890625 0.522135 0.017578 0.028646
1 0.857910 0.529297 0.022461 0.029948
1 0.809570 0.527995 0.023438 0.035156
1 0.772461 0.543620 0.019531 0.027344
1 0.741211 0.501302 0.015625 0.020833
1 0.917969 0.521484 0.017578 0.024740
1 0.992676 0.553385 0.014648 0.028646
1 0.708496 0.539714 0.020508 0.032552
1 0.697754 0.516927 0.016602 0.031250
1 0.660156 0.507812 0.017578 0.026042
1 0.674805 0.541667 0.017578 0.026042
1 0.643555 0.557943 0.017578 0.029948
1 0.625000 0.529948 0.019531 0.026042
1 0.625977 0.509115 0.015625 0.026042
1 0.595703 0.523438 0.011719 0.026042
1 0.576660 0.516927 0.018555 0.028646
1 0.567871 0.555339 0.018555 0.027344
1 0.552734 0.513021 0.017578 0.028646
1 0.515625 0.531250 0.019531 0.031250
1 0.501953 0.563802 0.017578 0.028646
1 0.494141 0.529948 0.013672 0.028646
1 0.482422 0.516927 0.013672 0.023438
1 0.445312 0.526693 0.021484 0.029948
1 0.392578 0.512370 0.019531 0.029948
1 0.373047 0.551432 0.017578 0.027344
1 0.347656 0.562500 0.011719 0.020833
1 0.314453 0.561198 0.017578 0.028646
1 0.309082 0.519531 0.018555 0.031250
1 0.275879 0.503906 0.024414 0.033854
1 0.258789 0.514323 0.019531 0.031250
1 0.237793 0.529948 0.018555 0.023438
1 0.197266 0.525391 0.023438 0.032552
1 0.119141 0.501953 0.023438 0.032552
1 0.063965 0.527995 0.020508 0.029948
1 0.166016 0.504557 0.011719 0.022135
1 0.025391 0.542969 0.015625 0.028646
1 0.009277 0.532552 0.016602 0.033854
1 0.015625 0.514323 0.013672 0.026042
2 0.448242 0.547526 0.070312 0.100260
2 0.117676 0.534505 0.094727 0.131510
2 0.717773 0.550781 0.074219 0.078125
