1 0.940430 0.257687 0.048828 0.081991
1 0.873535 0.249634 0.051758 0.101025
1 0.838379 0.192533 0.071289 0.101025
1 0.892090 0.160322 0.036133 0.060029
1 0.784668 0.231332 0.061523 0.108346
1 0.741211 0.248902 0.039062 0.076135
1 0.697266 0.228404 0.060547 0.131772
1 0.601562 0.181552 0.050781 0.096633
1 0.604004 0.270864 0.051758 0.093704
1 0.534668 0.225476 0.055664 0.105417
1 0.376953 0.287701 0.058594 0.106881
1 0.400879 0.229136 0.038086 0.077599
1 0.333496 0.344802 0.061523 0.106881
1 0.298828 0.195461 0.042969 0.077599
1 0.318359 0.273792 0.044922 0.070278
1 0.276367 0.321376 0.050781 0.109810
1 0.208496 0.320644 0.059570 0.108346
1 0.166016 0.284041 0.050781 0.090776
1 0.123047 0.351391 0.064453 0.114202
1 0.343750 0.204978 0.027344 0.046852
1 0.021973 0.281845 0.041992 0.112738
2 0.141113 0.617130 0.202148 0.701318
2 0.315918 0.616398 0.190430 0.679356
2 0.524902 0.399707 0.182617 0.500732
2 0.691895 0.372621 0.184570 0.484627
2 0.877930 0.368228 0.199219 0.411420
