1 0.805664 0.512482 0.046875 0.085169
1 0.670898 0.455947 0.095703 0.157122
1 0.856445 0.511013 0.029297 0.046990
1 0.481445 0.541116 0.042969 0.069016
1 0.371582 0.878120 0.020508 0.035242
1 0.338867 0.788546 0.023438 0.041116
1 0.270508 0.756975 0.013672 0.030837
1 0.293945 0.747430 0.011719 0.026432
1 0.229004 0.769457 0.016602 0.029369
1 0.184082 0.737151 0.010742 0.020558
1 0.168945 0.743025 0.011719 0.020558
1 0.156250 0.728341 0.015625 0.023495
1 0.153320 0.698972 0.013672 0.020558
1 0.366211 0.732746 0.013672 0.026432
1 0.337891 0.739354 0.013672 0.022026
1 0.311035 0.706314 0.012695 0.023495
1 0.426758 0.764317 0.017578 0.033774
1 0.405273 0.774596 0.015625 0.024963
1 0.426758 0.911160 0.019531 0.030837
2 0.474121 0.716593 0.143555 0.502203
2 0.634766 0.643906 0.283203 0.712188
2 0.821289 0.718796 0.152344 0.562408
