1 0.041504 0.172000 0.034180 0.064000
1 0.111328 0.219333 0.029297 0.060000
1 0.212891 0.258667 0.035156 0.061333
1 0.317871 0.229333 0.040039 0.056000
1 0.435547 0.236000 0.044922 0.096000
1 0.626953 0.228000 0.044922 0.093333
1 0.719727 0.267333 0.015625 0.025333
1 0.813965 0.252667 0.047852 0.070667
1 0.878418 0.237333 0.010742 0.026667
1 0.909668 0.259333 0.014648 0.022667
1 0.954590 0.228000 0.012695 0.034667
1 0.446289 0.402667 0.066406 0.120000
2 0.199707 0.534667 0.153320 0.706667
2 0.326660 0.465333 0.133789 0.600000
2 0.605469 0.521333 0.154297 0.728000
2 0.800781 0.545333 0.142578 0.720000
