1 0.740234 0.483073 0.035156 0.059896
1 0.620117 0.490885 0.033203 0.059896
1 0.503418 0.473307 0.040039 0.063802
1 0.791992 0.321615 0.021484 0.028646
1 0.736328 0.326823 0.019531 0.026042
1 0.655273 0.330078 0.017578 0.032552
1 0.247070 0.490885 0.041016 0.070312
1 0.380371 0.433594 0.028320 0.044271
1 0.307617 0.320312 0.017578 0.031250
1 0.199707 0.368490 0.022461 0.033854
1 0.143555 0.462891 0.017578 0.032552
1 0.076172 0.395182 0.023438 0.048177
1 0.258789 0.407552 0.025391 0.041667
2 0.053223 0.538411 0.088867 0.368490
2 0.270508 0.714844 0.240234 0.570312
2 0.498535 0.676432 0.204102 0.558594
2 0.637695 0.664062 0.187500 0.510417
2 0.755371 0.630208 0.143555 0.406250
2 0.857910 0.445312 0.135742 0.351562
