1 0.515625 0.655930 0.109375 0.231332
1 0.742676 0.349927 0.063477 0.120059
1 0.892578 0.279649 0.058594 0.108346
1 0.841797 0.265739 0.033203 0.060029
1 0.790039 0.216691 0.027344 0.061493
1 0.495117 0.314056 0.064453 0.118594
1 0.353516 0.367496 0.048828 0.099561
1 0.937500 0.281113 0.033203 0.079063
1 0.962891 0.218155 0.035156 0.058565
1 0.546875 0.213031 0.025391 0.048316
1 0.489258 0.204246 0.037109 0.077599
1 0.430664 0.175695 0.019531 0.032211
1 0.519531 0.168375 0.017578 0.035139
1 0.824707 0.572474 0.096680 0.178624
1 0.019531 0.417277 0.037109 0.131772
1 0.811523 0.218887 0.017578 0.039531
2 0.520508 0.743045 0.333984 0.513909
2 0.491699 0.397511 0.219727 0.373353
2 0.734863 0.433382 0.118164 0.368960
