1 0.153320 0.471576 0.031250 0.062016
1 0.130859 0.518088 0.035156 0.062016
1 0.241211 0.481912 0.035156 0.059432
1 0.324219 0.475452 0.015625 0.043928
1 0.449707 0.458656 0.034180 0.064599
1 0.522461 0.488372 0.035156 0.056848
1 0.597656 0.425065 0.031250 0.064599
1 0.732910 0.466408 0.032227 0.054264
1 0.815918 0.463178 0.038086 0.047804
1 0.903320 0.421189 0.035156 0.051680
2 0.124512 0.728036 0.145508 0.510336
2 0.246094 0.698966 0.115234 0.542636
2 0.353516 0.691860 0.115234 0.549096
2 0.448730 0.688630 0.110352 0.555556
2 0.531250 0.609173 0.097656 0.347545
2 0.603516 0.667959 0.134766 0.591731
2 0.931152 0.664083 0.137695 0.599483
2 0.735352 0.684755 0.132812 0.534884
