1 0.748535 0.954612 0.077148 0.090776
1 0.340332 0.850659 0.051758 0.114202
1 0.061523 0.889458 0.062500 0.115666
1 0.958008 0.474378 0.074219 0.120059
1 0.889648 0.414348 0.029297 0.058565
1 0.748535 0.389458 0.040039 0.067350
1 0.597168 0.414348 0.057617 0.096633
1 0.491699 0.390922 0.038086 0.064422
1 0.562500 0.409956 0.015625 0.026354
1 0.456543 0.471449 0.036133 0.084919
1 0.427246 0.400439 0.028320 0.057101
1 0.304688 0.467057 0.039062 0.079063
1 0.289551 0.401903 0.022461 0.039531
1 0.376953 0.423133 0.023438 0.052709
1 0.186035 0.402635 0.026367 0.038067
1 0.097656 0.445095 0.021484 0.038067
1 0.044922 0.382870 0.011719 0.036603
2 0.315430 0.590044 0.123047 0.363104
2 0.462891 0.696193 0.136719 0.601757
2 0.603516 0.608346 0.156250 0.554905
2 0.210938 0.458272 0.117188 0.251830
2 0.346191 0.878477 0.161133 0.243045
