1 0.052734 0.821782 0.056641 0.141089
1 0.224121 0.657178 0.036133 0.071782
1 0.150879 0.830446 0.084961 0.138614
1 0.514160 0.908416 0.036133 0.106436
1 0.614258 0.847772 0.066406 0.121287
1 0.717285 0.862624 0.073242 0.136139
1 0.827148 0.764233 0.062500 0.095297
1 0.890625 0.801980 0.052734 0.101485
1 0.968750 0.793936 0.048828 0.087871
1 0.981445 0.825495 0.037109 0.113861
1 0.989746 0.494431 0.012695 0.025990
1 0.900391 0.472153 0.011719 0.025990
1 0.642090 0.470297 0.057617 0.116337
1 0.935547 0.485767 0.013672 0.028465
2 0.659668 0.576733 0.366211 0.386139
