1 0.031250 0.349609 0.037109 0.055990
1 0.110352 0.350260 0.046875 0.080729
1 0.188477 0.353516 0.056641 0.089844
1 0.260742 0.296875 0.050781 0.117188
1 0.440918 0.388021 0.075195 0.132812
1 0.541016 0.388672 0.046875 0.082031
1 0.638672 0.377604 0.046875 0.062500
1 0.716797 0.320964 0.042969 0.100260
1 0.817383 0.371745 0.029297 0.053385
1 0.869629 0.341797 0.049805 0.074219
1 0.916992 0.379557 0.021484 0.037760
2 0.156738 0.626302 0.225586 0.721354
2 0.438477 0.646484 0.349609 0.707031
2 0.713379 0.626302 0.147461 0.747396
2 0.883301 0.639974 0.174805 0.720052
