1 0.992188 0.615251 0.015625 0.048527
1 0.986328 0.578856 0.017578 0.031196
1 0.980957 0.547660 0.010742 0.024263
1 0.945801 0.610052 0.012695 0.034662
1 0.900391 0.630849 0.023438 0.045061
1 0.873535 0.559792 0.010742 0.034662
1 0.907227 0.553726 0.013672 0.025997
1 0.855957 0.542461 0.010742 0.024263
1 0.824707 0.605719 0.020508 0.046794
1 0.840820 0.590988 0.011719 0.027730
1 0.833496 0.551993 0.008789 0.025997
1 0.814453 0.544194 0.011719 0.027730
1 0.791504 0.563258 0.012695 0.027730
1 0.769531 0.650780 0.023438 0.043328
1 0.762207 0.571924 0.012695 0.027730
1 0.806641 0.532062 0.007812 0.020797
1 0.754883 0.538995 0.005859 0.020797
1 0.749023 0.654246 0.015625 0.053726
1 0.724609 0.590988 0.015625 0.038128
1 0.732422 0.549393 0.011719 0.027730
1 0.693359 0.577123 0.013672 0.031196
1 0.671875 0.608319 0.021484 0.048527
1 0.671875 0.557192 0.009766 0.022530
1 0.640625 0.738302 0.037109 0.076256
1 0.583496 0.671577 0.020508 0.046794
1 0.637695 0.580589 0.015625 0.034662
1 0.587891 0.593588 0.021484 0.050260
1 0.654785 0.545927 0.010742 0.024263
1 0.650879 0.594454 0.010742 0.027730
1 0.599609 0.545061 0.009766 0.022530
1 0.528320 0.610052 0.021484 0.045061
1 0.547852 0.613518 0.013672 0.031196
1 0.503418 0.583189 0.016602 0.043328
1 0.487793 0.658579 0.016602 0.045061
1 0.489746 0.551993 0.014648 0.032929
1 0.430664 0.694974 0.037109 0.072790
1 0.435547 0.580589 0.015625 0.038128
1 0.449707 0.565858 0.010742 0.022530
1 0.382812 0.610052 0.019531 0.038128
1 0.362305 0.549393 0.005859 0.020797
1 0.330078 0.558059 0.009766 0.020797
1 0.352051 0.490468 0.008789 0.020797
1 0.285156 0.837955 0.052734 0.116118
1 0.239258 0.681976 0.033203 0.074523
1 0.279297 0.565858 0.021484 0.050260
1 0.239746 0.548527 0.010742 0.029463
1 0.168457 0.608319 0.030273 0.065858
1 0.206055 0.512998 0.009766 0.020797
1 0.232422 0.531196 0.007812 0.025997
1 0.169922 0.540728 0.011719 0.027730
1 0.045410 0.585789 0.026367 0.062392
1 0.081055 0.569324 0.015625 0.029463
1 0.127930 0.595321 0.017578 0.029463
1 0.008301 0.651646 0.014648 0.079723
1 0.003418 0.540728 0.004883 0.041594
1 0.813965 0.913345 0.057617 0.114385
1 0.094727 0.548527 0.011719 0.029463
2 0.335938 0.841421 0.183594 0.317158
2 0.070312 0.686308 0.093750 0.301560
2 0.166016 0.692374 0.091797 0.306759
2 0.646484 0.830156 0.132812 0.339688
2 0.470215 0.805026 0.161133 0.389948
2 0.738770 0.805026 0.112305 0.389948
2 0.897461 0.785962 0.099609 0.407279
