1 0.094727 0.363429 0.019531 0.040971
1 0.165039 0.382398 0.021484 0.036419
1 0.142090 0.357360 0.016602 0.040971
1 0.300293 0.405159 0.024414 0.045524
1 0.348633 0.383156 0.025391 0.047041
1 0.463379 0.430197 0.022461 0.040971
1 0.541992 0.417299 0.021484 0.039454
1 0.607422 0.413505 0.021484 0.034901
1 0.713379 0.353566 0.020508 0.036419
1 0.751953 0.415781 0.025391 0.042489
1 0.878906 0.473445 0.023438 0.039454
2 0.105957 0.530349 0.065430 0.408194
2 0.167969 0.544006 0.070312 0.389985
2 0.292480 0.586495 0.075195 0.423369
2 0.351074 0.568285 0.083008 0.459788
2 0.743652 0.595599 0.122070 0.453718
2 0.883301 0.644158 0.094727 0.420334
