1 0.927246 0.252604 0.098633 0.143229
1 0.809570 0.207682 0.097656 0.149740
1 0.904785 0.021484 0.047852 0.040365
1 0.748047 0.020182 0.046875 0.037760
1 0.404785 0.289714 0.120117 0.209635
1 0.522461 0.159505 0.054688 0.084635
1 0.520996 0.039714 0.034180 0.061198
1 0.300293 0.144531 0.065430 0.101562
1 0.253418 0.052083 0.030273 0.049479
1 0.293457 0.033854 0.024414 0.041667
1 0.414551 0.031250 0.016602 0.026042
1 0.372070 0.023438 0.017578 0.028646
1 0.343750 0.040365 0.019531 0.028646
1 0.140625 0.051432 0.017578 0.037760
1 0.078125 0.078125 0.056641 0.091146
1 0.021973 0.296875 0.041992 0.140625
1 0.024902 0.186198 0.047852 0.158854
1 0.036133 0.041016 0.017578 0.032552
2 0.379883 0.542318 0.384766 0.915365
2 0.903320 0.564453 0.193359 0.871094
