1 0.137207 0.361364 0.040039 0.118182
1 0.220215 0.384091 0.041992 0.118182
1 0.308594 0.359091 0.042969 0.122727
1 0.383789 0.288636 0.037109 0.113636
1 0.434082 0.409091 0.038086 0.104545
1 0.520508 0.413636 0.035156 0.100000
1 0.556641 0.315909 0.031250 0.086364
1 0.605469 0.395455 0.041016 0.109091
1 0.683594 0.311364 0.041016 0.113636
1 0.769043 0.336364 0.043945 0.122727
1 0.881836 0.387500 0.044922 0.125000
2 0.101074 0.630682 0.141602 0.738636
2 0.224121 0.634091 0.114258 0.731818
2 0.316895 0.620455 0.124023 0.759091
2 0.425293 0.653409 0.147461 0.693182
2 0.611816 0.643182 0.127930 0.713636
2 0.780273 0.620455 0.132812 0.759091
2 0.899902 0.643182 0.133789 0.713636
