1 0.607910 0.363281 0.098633 0.113281
1 0.842285 0.404297 0.026367 0.035156
1 0.367188 0.361328 0.027344 0.039062
1 0.319336 0.355469 0.029297 0.035156
1 0.268555 0.387695 0.025391 0.033203
1 0.203125 0.368164 0.025391 0.031250
1 0.156250 0.357910 0.031250 0.038086
1 0.088867 0.355957 0.031250 0.038086
1 0.045410 0.368164 0.040039 0.044922
2 0.577637 0.581543 0.366211 0.653320
2 0.046387 0.542969 0.090820 0.445312
2 0.166016 0.514648 0.136719 0.384766
2 0.364746 0.515137 0.124023 0.370117
2 0.831055 0.524414 0.136719 0.302734
