0 0.067187 0.390625 0.098437 0.165625
0 0.325000 0.257812 0.037500 0.071875
0 0.417969 0.286719 0.029687 0.076563
0 0.630859 0.260937 0.038281 0.075000
0 0.690234 0.175000 0.041406 0.093750
0 0.893750 0.264062 0.078125 0.200000
0 0.712500 0.465625 0.040625 0.087500
1 0.826562 0.286719 0.053125 0.092188
1 0.381250 0.217969 0.021875 0.054688
0 0.291406 0.213281 0.018750 0.064062
1 0.203125 0.192188 0.034375 0.093750
0 0.550781 0.176563 0.035937 0.068750
2 0.183984 0.350781 0.142969 0.582812
2 0.329297 0.331250 0.128906 0.350000
2 0.700000 0.267188 0.157812 0.390625
2 0.816797 0.385937 0.180469 0.503125
