1 0.613281 0.062419 0.023438 0.039012
1 0.656250 0.040312 0.027344 0.046814
1 0.713379 0.050715 0.024414 0.041612
1 0.764160 0.083225 0.024414 0.044213
1 0.811035 0.096879 0.016602 0.055917
1 0.583984 0.079324 0.031250 0.057217
1 0.564453 0.139792 0.033203 0.055917
1 0.526367 0.150845 0.033203 0.054616
1 0.411621 0.104031 0.036133 0.070221
1 0.529297 0.227568 0.042969 0.080624
1 0.507812 0.245774 0.041016 0.078023
1 0.767578 0.247074 0.033203 0.083225
1 0.954590 0.137191 0.036133 0.053316
1 0.352051 0.096879 0.038086 0.063719
1 0.354492 0.206112 0.046875 0.079324
1 0.319336 0.282185 0.042969 0.075423
2 0.462402 0.383615 0.145508 0.439532
2 0.812012 0.321847 0.176758 0.297789
2 0.942383 0.282835 0.115234 0.399220
2 0.285156 0.366710 0.130859 0.366710
