1 0.008301 0.263158 0.014648 0.030471
1 0.085938 0.238227 0.011719 0.022161
1 0.102539 0.270083 0.017578 0.033241
1 0.195801 0.227147 0.012695 0.022161
1 0.496094 0.243767 0.013672 0.024931
1 0.553711 0.257618 0.013672 0.027701
1 0.629883 0.242382 0.015625 0.027701
1 0.690918 0.247922 0.020508 0.030471
1 0.755859 0.247230 0.017578 0.029086
1 0.826660 0.243075 0.016602 0.031856
1 0.888672 0.262465 0.019531 0.034626
1 0.959961 0.228532 0.017578 0.036011
2 0.825195 0.364958 0.058594 0.308864
2 0.889648 0.380886 0.066406 0.307479
