1 0.011230 0.065649 0.020508 0.085496
1 0.040039 0.327481 0.044922 0.077863
1 0.036133 0.500000 0.048828 0.080916
1 0.156250 0.538931 0.044922 0.076336
1 0.206543 0.239695 0.049805 0.067176
1 0.303711 0.374046 0.054688 0.112977
1 0.432617 0.296183 0.041016 0.064122
1 0.509766 0.389313 0.048828 0.116031
1 0.565430 0.287023 0.048828 0.076336
1 0.773438 0.029771 0.041016 0.056489
1 0.894531 0.019847 0.041016 0.036641
1 0.741211 0.299237 0.048828 0.067176
1 0.934082 0.297710 0.045898 0.067176
1 0.880371 0.457252 0.051758 0.126718
1 0.789062 0.472519 0.048828 0.099237
1 0.686035 0.419084 0.055664 0.102290
1 0.994629 0.465649 0.010742 0.051908
1 0.939453 0.943511 0.048828 0.079389
1 0.037109 0.751145 0.035156 0.070229
1 0.198242 0.951145 0.042969 0.085496
1 0.300293 0.954198 0.040039 0.088550
1 0.485352 0.922137 0.044922 0.064122
2 0.166016 0.716794 0.148438 0.566412
2 0.324707 0.579389 0.180664 0.627481
2 0.515137 0.573282 0.174805 0.538931
2 0.680664 0.665649 0.185547 0.668702
2 0.884766 0.644275 0.201172 0.552672
2 0.907227 0.293130 0.185547 0.229008
