1 0.063477 0.797745 0.013672 0.025199
1 0.135254 0.734748 0.006836 0.021220
1 0.142090 0.880637 0.038086 0.047745
1 0.093750 0.799735 0.015625 0.026525
1 0.178711 0.753979 0.019531 0.027851
1 0.219727 0.748674 0.017578 0.033156
1 0.247070 0.733422 0.017578 0.034483
1 0.265625 0.748674 0.019531 0.033156
1 0.289062 0.755968 0.023438 0.042440
1 0.260742 0.562334 0.017578 0.029178
1 0.324707 0.576923 0.016602 0.029178
1 0.374023 0.638594 0.019531 0.030504
1 0.369141 0.677056 0.021484 0.035809
1 0.414551 0.671088 0.016602 0.039788
1 0.442871 0.628647 0.012695 0.021220
1 0.442871 0.602785 0.012695 0.022546
1 0.465820 0.602785 0.015625 0.025199
1 0.470215 0.641247 0.024414 0.033156
1 0.443359 0.804377 0.046875 0.078249
1 0.527832 0.632626 0.024414 0.034483
1 0.603516 0.750000 0.046875 0.070292
1 0.574707 0.692308 0.030273 0.053050
1 0.605957 0.627321 0.022461 0.045093
1 0.545410 0.574934 0.012695 0.025199
1 0.529785 0.592838 0.020508 0.029178
1 0.698242 0.614058 0.035156 0.053050
1 0.795410 0.766578 0.079102 0.095491
1 0.845215 0.576923 0.038086 0.066313
1 0.925293 0.511936 0.022461 0.042440
1 0.936035 0.458886 0.026367 0.047745
1 0.888672 0.280504 0.023438 0.030504
1 0.576172 0.496021 0.015625 0.026525
1 0.483398 0.699602 0.025391 0.043767
1 0.961426 0.509947 0.040039 0.059682
1 0.961914 0.436340 0.025391 0.039788
1 0.610840 0.545093 0.016602 0.026525
1 0.562500 0.570292 0.019531 0.029178
1 0.581543 0.596817 0.018555 0.031830
2 0.458008 0.818966 0.146484 0.208223
2 0.625000 0.792440 0.111328 0.248011
2 0.834961 0.789788 0.216797 0.332891
