1 0.330078 0.189905 0.042969 0.039117
1 0.194336 0.304101 0.048828 0.045426
1 0.559082 0.266246 0.043945 0.040379
1 0.485352 0.310410 0.048828 0.040379
1 0.769531 0.188959 0.048828 0.043533
1 0.732910 0.302208 0.057617 0.051735
1 0.360352 0.473817 0.064453 0.064353
1 0.678711 0.472555 0.064453 0.063091
2 0.313965 0.642271 0.364258 0.454259
2 0.679688 0.644479 0.337891 0.433438
2 0.184082 0.433438 0.219727 0.329338
2 0.805664 0.363722 0.314453 0.211356
2 0.302246 0.282019 0.168945 0.253628
2 0.487793 0.432177 0.202148 0.301577
