1 0.567871 0.581395 0.030273 0.058140
1 0.347168 0.297238 0.014648 0.033430
1 0.373535 0.351744 0.018555 0.034884
1 0.409668 0.436047 0.020508 0.040698
1 0.379883 0.530523 0.025391 0.049419
1 0.437500 0.518895 0.023438 0.049419
1 0.487305 0.603924 0.023438 0.056686
1 0.503906 0.506541 0.021484 0.050872
1 0.331543 0.293605 0.016602 0.031977
1 0.631836 0.392442 0.021484 0.037791
1 0.674805 0.386628 0.021484 0.034884
1 0.626953 0.294331 0.011719 0.027616
1 0.573242 0.220203 0.011719 0.024709
1 0.668457 0.348837 0.014648 0.026163
1 0.502930 0.375727 0.013672 0.021802
1 0.010254 0.705669 0.018555 0.074128
1 0.081055 0.686047 0.041016 0.066860
1 0.247070 0.821221 0.033203 0.081395
1 0.338379 0.788517 0.041992 0.074128
1 0.461426 0.762355 0.032227 0.074128
1 0.572266 0.752907 0.027344 0.055233
1 0.172852 0.238372 0.015625 0.031977
1 0.227051 0.252907 0.016602 0.029070
1 0.659180 0.243459 0.013672 0.027616
1 0.701172 0.300872 0.011719 0.026163
1 0.713867 0.359738 0.013672 0.030523
1 0.744629 0.393169 0.018555 0.039244
1 0.744629 0.300872 0.012695 0.031977
1 0.767578 0.344477 0.015625 0.031977
1 0.782715 0.390262 0.020508 0.033430
1 0.808594 0.332849 0.013672 0.029070
1 0.789551 0.299419 0.014648 0.029070
1 0.689453 0.217297 0.013672 0.021802
1 0.727539 0.220203 0.011719 0.021802
1 0.770508 0.220203 0.011719 0.024709
1 0.230957 0.515262 0.026367 0.053779
1 0.239746 0.430959 0.024414 0.042151
1 0.242188 0.309593 0.019531 0.034884
1 0.478516 0.356105 0.017578 0.029070
1 0.495117 0.253634 0.013672 0.030523
1 0.534668 0.289244 0.016602 0.026163
1 0.536133 0.220930 0.013672 0.029070
1 0.578125 0.388081 0.019531 0.037791
1 0.562500 0.503634 0.023438 0.042151
1 0.274414 0.244186 0.015625 0.023256
1 0.319336 0.245640 0.017578 0.031977
1 0.340332 0.214390 0.014648 0.030523
1 0.378418 0.246366 0.016602 0.030523
1 0.396484 0.294331 0.017578 0.036337
1 0.435547 0.302326 0.013672 0.031977
1 0.437500 0.250000 0.015625 0.031977
1 0.081543 0.339390 0.024414 0.039244
1 0.079590 0.544331 0.034180 0.065407
1 0.482910 0.211483 0.014648 0.027616
1 0.264160 0.351744 0.018555 0.040698
1 0.329590 0.503634 0.028320 0.053779
1 0.306641 0.425872 0.021484 0.040698
1 0.352539 0.440407 0.021484 0.040698
1 0.135254 0.287791 0.020508 0.034884
1 0.071289 0.252907 0.021484 0.034884
1 0.059082 0.281977 0.022461 0.040698
1 0.119629 0.154070 0.016602 0.034884
1 0.146484 0.209302 0.013672 0.034884
1 0.198242 0.209302 0.013672 0.029070
1 0.011230 0.345930 0.020508 0.040698
1 0.050293 0.413517 0.028320 0.050872
1 0.180176 0.443314 0.022461 0.043605
1 0.327148 0.361919 0.015625 0.034884
1 0.232422 0.383721 0.017578 0.023256
1 0.465332 0.408430 0.020508 0.037791
1 0.616211 0.601017 0.025391 0.047965
1 0.619629 0.773983 0.028320 0.042151
1 0.706055 0.586483 0.025391 0.045058
1 0.708496 0.705669 0.032227 0.068314
1 0.761719 0.873547 0.041016 0.066860
1 0.762207 0.699855 0.028320 0.047965
1 0.734375 0.752907 0.027344 0.037791
1 0.809082 0.541424 0.026367 0.045058
1 0.817871 0.678779 0.028320 0.049419
1 0.952148 0.799419 0.033203 0.063953
1 0.853516 0.563227 0.025391 0.039244
1 0.915039 0.538517 0.027344 0.047965
1 0.974121 0.536337 0.026367 0.046512
1 0.860840 0.235465 0.014648 0.026163
1 0.871094 0.279797 0.017578 0.030523
1 0.829590 0.297965 0.012695 0.023256
1 0.852051 0.330669 0.016602 0.033430
1 0.890625 0.327762 0.017578 0.030523
1 0.959961 0.369186 0.017578 0.034884
1 0.388672 0.217297 0.015625 0.024709
1 0.717285 0.488372 0.020508 0.034884
1 0.760254 0.476017 0.022461 0.042151
1 0.815430 0.478924 0.021484 0.039244
1 0.875000 0.461483 0.021484 0.042151
1 0.980957 0.456395 0.026367 0.043605
2 0.110840 0.749273 0.165039 0.260174
2 0.089355 0.587209 0.153320 0.226744
2 0.256348 0.595203 0.180664 0.277616
2 0.355957 0.583576 0.135742 0.268895
2 0.235352 0.875727 0.134766 0.248547
2 0.348145 0.861192 0.122070 0.277616
2 0.455566 0.837936 0.114258 0.283430
2 0.564941 0.843023 0.084961 0.299419
2 0.750977 0.898983 0.130859 0.202035
2 0.934082 0.867733 0.131836 0.264535
2 0.837402 0.742733 0.108398 0.226744
2 0.571289 0.617733 0.093750 0.197674
