0 0.385742 0.467014 0.056641 0.118056
0 0.381836 0.261285 0.080078 0.071181
0 0.646484 0.675347 0.060547 0.156250
0 0.579102 0.531250 0.039062 0.131944
0 0.695312 0.263021 0.025391 0.046875
0 0.264160 0.241319 0.030273 0.055556
1 0.083496 0.236979 0.020508 0.036458
1 0.508789 0.217014 0.027344 0.059028
1 0.753906 0.199653 0.019531 0.055556
1 0.576660 0.397569 0.038086 0.062500
0 0.892578 0.342014 0.025391 0.041667
1 0.934082 0.369792 0.038086 0.069444
1 0.939453 0.493924 0.027344 0.098958
1 0.965820 0.361111 0.031250 0.048611
2 0.115234 0.501736 0.166016 0.781250
2 0.310547 0.640625 0.250000 0.718750
2 0.366699 0.406250 0.252930 0.697917
2 0.510254 0.288194 0.114258 0.270833
2 0.685059 0.750868 0.196289 0.498264
2 0.703613 0.338542 0.084961 0.302083
2 0.769043 0.336806 0.075195 0.371528
