0 0.542829 0.583707 0.099602 0.150972
0 0.030876 0.443199 0.019920 0.034380
0 0.126494 0.478326 0.007968 0.032885
0 0.238546 0.470852 0.012948 0.029895
0 0.270916 0.458894 0.021912 0.032885
0 0.375498 0.478326 0.013944 0.035874
1 0.347112 0.447683 0.022908 0.037369
0 0.431275 0.449178 0.015936 0.037369
0 0.492032 0.457399 0.019920 0.038864
0 0.652390 0.467115 0.015936 0.037369
0 0.694223 0.449178 0.009960 0.031390
0 0.736056 0.476084 0.013944 0.031390
0 0.870518 0.332586 0.015936 0.022422
0 0.937251 0.455904 0.007968 0.026906
1 0.884960 0.451420 0.016932 0.035874
0 0.888446 0.397608 0.015936 0.026906
2 0.177789 0.529148 0.058765 0.230194
2 0.034363 0.569507 0.066733 0.310912
2 0.108566 0.529895 0.071713 0.180867
2 0.234562 0.582960 0.044821 0.295964
2 0.273406 0.514200 0.068725 0.206278
2 0.332669 0.576233 0.047809 0.321375
2 0.373506 0.600897 0.051793 0.322870
2 0.430279 0.507474 0.065737 0.189836
2 0.486554 0.576981 0.044821 0.328849
2 0.689741 0.512706 0.052789 0.200299
2 0.731574 0.576981 0.052789 0.278027
2 0.776394 0.505232 0.062749 0.176383
2 0.822211 0.553064 0.060757 0.281016
2 0.880478 0.543348 0.057769 0.273543
2 0.588147 0.698057 0.204183 0.579970
