0 0.091897 0.752964 0.079051 0.104084
0 0.360672 0.672596 0.077075 0.106719
0 0.550889 0.685112 0.066206 0.110672
0 0.929842 0.778656 0.112648 0.115942
0 0.956028 0.519104 0.028656 0.036891
0 0.642292 0.532279 0.013834 0.028986
0 0.577075 0.517787 0.011858 0.021080
0 0.391798 0.528986 0.014822 0.025033
1 0.288538 0.536891 0.017787 0.025033
0 0.751482 0.617918 0.012846 0.026350
2 0.093379 0.822793 0.161067 0.354414
2 0.229743 0.778656 0.127470 0.442688
2 0.332016 0.768116 0.191700 0.463768
2 0.516798 0.788538 0.171937 0.422925
2 0.685277 0.803030 0.174901 0.393939
