0 0.077734 0.647222 0.133594 0.286111
0 0.325000 0.392361 0.029687 0.059722
0 0.406641 0.400000 0.033594 0.075000
0 0.546484 0.318056 0.032031 0.061111
0 0.133594 0.407639 0.015625 0.029167
0 0.442188 0.365972 0.014063 0.029167
0 0.490234 0.366667 0.016406 0.036111
0 0.641016 0.341667 0.019531 0.025000
0 0.703125 0.357639 0.029687 0.051389
0 0.900000 0.301389 0.171875 0.319444
1 0.732031 0.306250 0.014063 0.034722
0 0.215625 0.400000 0.010937 0.036111
2 0.315234 0.559722 0.119531 0.433333
2 0.415234 0.651389 0.125781 0.663889
2 0.560937 0.570139 0.171875 0.623611
2 0.716797 0.460417 0.103906 0.345833
2 0.643359 0.452083 0.078906 0.312500
