0 0.089333 0.330000 0.040000 0.092000
0 0.417000 0.281500 0.043333 0.073000
0 0.448000 0.160000 0.029333 0.072000
0 0.523333 0.186000 0.038667 0.080000
1 0.603333 0.181000 0.034667 0.060000
0 0.641000 0.200000 0.042000 0.082000
0 0.757333 0.175000 0.040000 0.062000
0 0.845000 0.223000 0.035333 0.066000
0 0.951000 0.205500 0.031333 0.055000
0 0.980667 0.205000 0.033333 0.072000
2 0.128667 0.607000 0.161333 0.766000
2 0.458333 0.559500 0.156667 0.771000
2 0.653667 0.483500 0.131333 0.777000
2 0.768000 0.389000 0.085333 0.558000
2 0.846333 0.462000 0.142000 0.624000
