1 0.021250 0.215000 0.035000 0.063333
1 0.067500 0.187500 0.047500 0.071667
1 0.130000 0.180000 0.030000 0.053333
1 0.135000 0.234167 0.022500 0.075000
1 0.063750 0.391667 0.032500 0.063333
0 0.093750 0.513333 0.057500 0.096667
0 0.146250 0.623333 0.062500 0.106667
1 0.283750 0.953333 0.082500 0.093333
1 0.283750 0.048333 0.030000 0.050000
1 0.296250 0.163333 0.042500 0.070000
1 0.348750 0.205000 0.032500 0.073333
1 0.381250 0.220000 0.030000 0.073333
1 0.262500 0.379167 0.042500 0.065000
0 0.333750 0.535833 0.047500 0.091667
0 0.415000 0.531667 0.042500 0.090000
1 0.497500 0.206667 0.035000 0.053333
1 0.532500 0.208333 0.030000 0.060000
0 0.586250 0.260000 0.030000 0.096667
1 0.673750 0.130000 0.045000 0.093333
1 0.756250 0.160000 0.035000 0.063333
0 0.885000 0.156667 0.055000 0.086667
0 0.871250 0.311667 0.050000 0.116667
1 0.286250 0.051667 0.032500 0.040000
2 0.082500 0.698333 0.142500 0.576667
2 0.177500 0.739167 0.137500 0.521667
2 0.171250 0.305000 0.117500 0.303333
2 0.405625 0.298333 0.143750 0.306667
2 0.370000 0.630000 0.135000 0.433333
2 0.609375 0.580833 0.163750 0.838333
2 0.711250 0.434167 0.147500 0.798333
2 0.881250 0.568333 0.222500 0.746667
