0 0.231132 0.340344 0.056604 0.107075
0 0.302830 0.258126 0.075472 0.145315
0 0.407075 0.364245 0.066981 0.147228
0 0.354717 0.667304 0.062264 0.137667
0 0.468868 0.233270 0.047170 0.122371
0 0.533491 0.197897 0.048113 0.116635
0 0.481132 0.875717 0.064151 0.133843
0 0.735377 0.249522 0.076415 0.166348
0 0.904717 0.072658 0.073585 0.141491
0 0.969340 0.116635 0.059434 0.164436
2 0.150472 0.544933 0.257547 0.910134
2 0.376887 0.744742 0.133019 0.510516
2 0.447642 0.400574 0.172642 0.460803
2 0.639623 0.516252 0.279245 0.940727
