1 0.107910 0.087848 0.040039 0.064422
1 0.176758 0.215227 0.046875 0.067350
1 0.166504 0.373353 0.051758 0.079063
0 0.136719 0.548316 0.050781 0.071742
1 0.471680 0.152269 0.041016 0.067350
0 0.428711 0.306003 0.050781 0.067350
0 0.468750 0.400439 0.046875 0.065886
0 0.445312 0.578331 0.052734 0.079063
0 0.739746 0.060761 0.043945 0.062958
0 0.820312 0.163250 0.050781 0.065886
1 0.806641 0.289898 0.042969 0.052709
1 0.703125 0.425329 0.046875 0.071742
0 0.792969 0.625183 0.048828 0.043924
2 0.162109 0.724744 0.179688 0.550512
2 0.102051 0.235725 0.112305 0.442167
2 0.172363 0.408492 0.165039 0.245974
2 0.461426 0.728404 0.198242 0.478770
2 0.513672 0.549048 0.148438 0.503660
2 0.417969 0.367496 0.115234 0.307467
2 0.481445 0.174963 0.189453 0.209370
2 0.743164 0.658858 0.224609 0.682284
2 0.791016 0.750366 0.179688 0.499268
2 0.818359 0.340410 0.148438 0.288433
