0 0.048889 0.387273 0.035556 0.087273
0 0.130000 0.272727 0.040000 0.080000
0 0.206667 0.352727 0.033333 0.050909
0 0.321667 0.318182 0.036667 0.072727
0 0.494444 0.332727 0.040000 0.072727
0 0.586111 0.369091 0.034444 0.072727
0 0.720000 0.310909 0.035556 0.072727
1 0.947778 0.321818 0.055556 0.145455
2 0.225556 0.574545 0.108889 0.592727
2 0.319444 0.581818 0.110000 0.676364
2 0.477222 0.611818 0.165556 0.714545
2 0.591667 0.647273 0.152222 0.705455
2 0.705000 0.589091 0.118889 0.709091
2 0.946667 0.593636 0.106667 0.812727
