0 0.083810 0.264805 0.047619 0.096447
0 0.168095 0.319797 0.046667 0.091371
0 0.350476 0.295262 0.057143 0.103215
0 0.405238 0.280880 0.042857 0.084602
0 0.450476 0.511844 0.055238 0.103215
0 0.478095 0.273266 0.030476 0.065990
0 0.527619 0.263959 0.028571 0.084602
0 0.560000 0.275804 0.041905 0.094755
0 0.612381 0.309645 0.038095 0.081218
0 0.650476 0.346870 0.041905 0.094755
0 0.714762 0.368866 0.056190 0.111675
0 0.765238 0.253807 0.035238 0.077834
1 0.808571 0.255499 0.043810 0.060914
0 0.882381 0.229272 0.044762 0.082910
0 0.939524 0.253807 0.048571 0.091371
0 0.367619 0.229272 0.038095 0.065990
0 0.299524 0.230118 0.037143 0.060914
2 0.073810 0.582064 0.130476 0.835871
2 0.180000 0.605753 0.133333 0.788494
2 0.315238 0.601523 0.171429 0.796954
2 0.434286 0.701354 0.194286 0.597293
2 0.723810 0.622673 0.179048 0.754653
2 0.927143 0.584602 0.145714 0.830795
