0 0.043333 0.317000 0.058667 0.086000
0 0.051333 0.463000 0.064000 0.086000
0 0.156000 0.373000 0.086667 0.154000
0 0.248000 0.395000 0.050667 0.082000
0 0.507333 0.181000 0.073333 0.120000
0 0.825000 0.326000 0.104667 0.170000
0 0.909333 0.450000 0.046667 0.080000
0 0.703333 0.450000 0.052000 0.062000
0 0.760667 0.433000 0.033333 0.054000
0 0.253333 0.302500 0.052000 0.073000
0 0.928000 0.371000 0.037333 0.056000
0 0.945000 0.479500 0.030000 0.063000
0 0.557333 0.253500 0.032000 0.089000
2 0.154333 0.602000 0.247333 0.796000
2 0.463333 0.530000 0.201333 0.940000
2 0.827333 0.598000 0.262667 0.804000
