0 0.254167 0.207617 0.048333 0.078624
0 0.392083 0.240786 0.030833 0.046683
1 0.430000 0.218673 0.035000 0.051597
1 0.452500 0.297297 0.035000 0.036855
0 0.500833 0.240172 0.033333 0.060197
0 0.607500 0.214988 0.021667 0.041769
0 0.642500 0.294840 0.030000 0.061425
0 0.747500 0.288698 0.036667 0.073710
1 0.825417 0.244472 0.045833 0.076167
0 0.912500 0.286855 0.048333 0.082310
1 0.337500 0.294226 0.025000 0.035627
2 0.062917 0.435504 0.107500 0.418919
2 0.213333 0.546683 0.246667 0.837838
2 0.508750 0.465602 0.110833 0.562654
2 0.755833 0.533784 0.098333 0.637592
2 0.848750 0.474201 0.144167 0.678133
