0 0.066341 0.199854 0.039024 0.051245
0 0.161951 0.184480 0.039024 0.055637
0 0.220488 0.247438 0.021463 0.032211
0 0.288293 0.232796 0.043902 0.049780
0 0.435122 0.142020 0.046829 0.076135
0 0.550244 0.169839 0.046829 0.087848
0 0.630244 0.240117 0.027317 0.043924
0 0.709268 0.183016 0.056585 0.090776
0 0.952195 0.121523 0.058537 0.084919
2 0.060000 0.412884 0.110244 0.553441
2 0.147805 0.420937 0.139512 0.619327
2 0.257073 0.466325 0.129756 0.651537
2 0.388780 0.449488 0.155122 0.781845
2 0.516585 0.521230 0.207805 0.916545
2 0.710244 0.540996 0.175610 0.918009
2 0.910732 0.500732 0.178537 0.998536
