0 0.050000 0.273018 0.048333 0.067775
0 0.185000 0.250000 0.040000 0.060102
0 0.265417 0.255754 0.035833 0.066496
0 0.408333 0.239770 0.041667 0.062660
0 0.452917 0.232097 0.030833 0.054987
0 0.487500 0.226982 0.030000 0.062660
0 0.522500 0.170077 0.033333 0.040921
0 0.511667 0.281330 0.038333 0.058824
0 0.576667 0.352941 0.056667 0.086957
1 0.672500 0.210358 0.043333 0.075448
0 0.692500 0.374041 0.061667 0.108696
0 0.809583 0.184143 0.037500 0.061381
0 0.800417 0.345269 0.052500 0.069054
0 0.917500 0.453964 0.080000 0.135550
1 0.865000 0.424552 0.035000 0.076726
2 0.087083 0.505754 0.172500 0.643223
2 0.182917 0.462916 0.132500 0.580563
2 0.295833 0.474425 0.143333 0.611253
2 0.551667 0.618926 0.145000 0.762148
2 0.709583 0.625959 0.189167 0.748082
2 0.917083 0.633632 0.165833 0.732737
2 0.097500 0.207161 0.065000 0.242967
